date,open,high,low,close,volume
2020-01-02,37.0,37.6,37.0,37.1,64000
2020-01-03,37.1,37.45,37.1,37.1,25000
2020-01-06,37.1,37.1,36.85,36.85,60000
2020-01-07,36.85,36.9,36.8,36.8,59000
2020-01-08,36.8,36.8,36.5,36.6,57000
2020-01-09,36.5,37.0,36.35,36.8,50000
2020-01-10,36.8,37.2,36.6,37.2,134000
2020-01-13,37.3,37.75,37.3,37.7,88000
2020-01-14,37.8,38.5,37.6,38.0,172000
2020-01-15,37.8,38.5,37.8,38.0,88000
2020-01-16,37.9,38.15,37.9,38.0,42000
2020-01-17,38.05,38.1,37.75,38.1,61000
2020-01-20,38.75,38.75,38.4,38.5,164000
2020-01-30,37.7,37.7,36.6,36.6,183000
2020-01-31,36.1,36.6,36.1,36.5,135000
2020-02-03,35.1,37.2,35.1,36.8,130000
2020-02-04,36.05,37.5,36.0,37.1,118000
2020-02-05,36.55,37.3,36.55,37.3,13000
2020-02-06,37.0,37.2,37.0,37.2,40000
2020-02-07,37.1,37.2,36.8,36.8,97000
2020-02-10,36.5,37.0,36.0,36.75,86000
2020-02-11,36.3,37.65,36.3,36.55,77000
2020-02-12,36.65,37.0,36.65,36.8,71000
2020-02-13,36.8,37.05,36.75,36.85,74000
2020-02-14,37.3,37.3,37.0,37.0,15000
2020-02-17,36.35,36.95,36.3,36.7,30000
2020-02-18,36.5,37.0,36.5,36.8,33000
2020-02-19,36.8,36.9,36.8,36.8,19000
2020-02-20,37.0,37.1,36.7,36.7,22000
2020-02-21,36.6,37.0,36.6,36.75,22000
2020-02-24,36.75,36.85,36.75,36.85,18000
2020-02-25,36.8,37.0,36.6,36.85,36000
2020-02-26,36.8,37.0,36.6,36.75,38000
2020-02-27,36.75,36.75,35.2,35.8,105000
2020-03-02,35.6,35.6,35.1,35.35,72000
2020-03-03,36.0,36.45,35.6,35.65,40000
2020-03-04,35.6,35.65,35.55,35.6,20000
2020-03-05,35.6,36.0,35.6,35.7,26000
2020-03-06,35.4,35.6,35.4,35.6,23000
2020-03-09,35.5,35.5,34.8,35.0,89000
2020-03-10,33.0,34.3,33.0,34.0,90000
2020-03-11,34.35,34.8,34.0,34.0,78000
2020-03-12,34.0,34.2,31.15,32.3,143000
2020-03-13,30.8,30.8,29.1,29.65,325000
2020-03-16,28.2,29.35,28.2,29.2,174000
2020-03-17,27.7,29.0,27.7,28.5,58000
2020-03-18,28.5,30.0,28.5,28.8,94000
2020-03-19,28.8,28.8,25.95,25.95,276000
2020-03-20,28.0,28.0,26.65,26.8,102000
2020-03-23,24.5,25.7,24.5,25.2,56000
2020-03-24,26.95,27.0,26.5,26.5,76000
2020-03-25,26.95,27.0,26.4,26.65,149000
2020-03-26,26.6,27.0,26.4,26.8,54000
2020-03-27,27.0,27.5,26.85,26.85,71000
2020-03-30,26.4,26.85,25.0,26.3,33000
2020-03-31,26.5,26.85,26.45,26.85,21000
2020-04-01,26.8,27.45,26.8,27.0,17000
2020-04-06,27.1,27.35,26.8,27.25,47000
2020-04-07,27.85,27.85,27.6,27.85,46000
2020-04-08,28.3,28.55,27.85,28.5,42000
2020-04-09,30.0,30.0,28.7,28.75,39000
2020-04-10,28.75,29.5,28.75,29.25,28000
2020-04-13,29.3,29.3,29.0,29.2,50000
2020-04-14,29.2,29.45,29.1,29.4,34000
2020-04-15,29.8,29.85,29.15,29.25,63000
2020-04-16,29.25,29.4,29.1,29.25,21000
2020-04-17,29.5,29.6,29.4,29.5,38000
2020-04-20,29.4,29.8,29.4,29.55,32000
2020-04-21,29.55,29.65,28.7,29.15,36000
2020-04-22,28.85,28.85,28.35,28.7,30000
2020-04-23,28.8,29.3,28.8,28.9,27000
2020-04-24,29.35,29.5,29.1,29.25,37000
2020-04-27,28.6,29.75,28.6,29.3,14000
2020-04-28,29.3,29.3,29.05,29.2,24000
2020-04-29,29.3,30.0,29.2,29.7,124000
2020-04-30,29.75,30.3,29.6,30.1,113000
2020-05-04,29.9,29.9,29.5,29.6,39000
2020-05-05,29.65,29.85,29.65,29.8,25000
2020-05-06,29.8,30.15,29.6,30.0,60000
2020-05-07,30.0,30.5,29.9,30.5,24000
2020-05-08,31.0,31.0,30.5,30.7,44000
2020-05-11,31.0,32.1,30.9,31.0,67000
2020-05-12,31.0,31.0,30.45,30.5,38000
2020-05-13,30.5,30.5,29.8,29.85,43000
2020-05-14,29.8,29.8,29.0,29.65,46000
2020-05-15,30.0,30.0,29.0,29.2,49000
2020-05-18,29.2,29.65,28.9,29.35,25000
2020-05-19,29.3,29.5,29.3,29.5,20000
2020-05-20,29.35,29.6,29.35,29.6,4000
2020-05-21,29.7,29.7,29.35,29.5,37000
2020-05-22,29.5,29.65,29.25,29.65,22000
2020-05-25,29.65,29.65,29.0,29.45,22000
2020-05-26,29.8,29.8,29.4,29.45,52000
2020-05-27,29.3,29.45,29.3,29.45,13000
2020-05-28,29.7,29.7,29.35,29.6,25000
2020-05-29,29.95,30.4,29.95,30.0,82000
2020-06-01,30.7,30.7,30.0,30.05,42000
2020-06-02,30.1,30.3,30.0,30.0,28000
2020-06-03,30.5,31.8,30.2,31.0,237000
2020-06-04,31.0,31.5,30.9,31.4,104000
2020-06-05,31.7,32.65,31.3,31.3,116000
2020-06-08,31.5,31.7,31.1,31.4,37000
2020-06-09,31.45,31.7,31.2,31.55,79000
2020-06-10,31.6,31.6,31.05,31.15,31000
2020-06-11,31.05,31.15,30.55,30.6,43000
2020-06-12,29.9,30.5,29.6,30.3,35000
2020-06-15,30.5,30.5,30.3,30.3,33000
2020-06-16,30.55,31.0,30.5,30.8,22000
2020-06-17,30.9,31.65,30.7,30.9,33000
2020-06-18,31.9,31.9,31.1,31.4,27000
2020-06-19,31.5,31.5,31.0,31.0,53000
2020-06-22,31.2,31.2,30.7,30.95,41000
2020-06-23,31.0,31.0,30.8,30.85,22000
2020-06-24,30.85,30.9,30.7,30.85,36000
2020-06-29,30.8,30.8,30.5,30.65,11000
2020-06-30,31.0,31.0,30.5,30.7,10000
2020-07-01,30.8,31.2,30.6,31.0,60000
2020-07-02,31.1,31.15,30.9,30.9,33000
2020-07-03,31.2,31.25,30.8,30.85,69000
2020-07-06,31.0,31.45,31.0,31.25,68000
2020-07-07,31.4,31.4,30.8,30.9,39000
2020-07-08,30.8,31.3,30.55,31.25,42000
2020-07-09,31.45,31.55,31.25,31.55,128000
2020-07-10,31.65,31.95,30.8,30.85,102000
2020-07-13,31.0,31.2,30.75,30.75,92000
2020-07-14,30.8,30.9,30.7,30.7,25000
2020-07-15,30.7,31.15,30.7,30.75,35000
2020-07-16,30.8,31.0,30.7,30.8,26000
2020-07-17,31.15,31.2,30.8,30.8,41000
2020-07-20,31.2,31.2,30.8,30.8,45000
2020-07-21,30.9,30.9,30.7,30.8,66000
2020-07-22,31.0,31.3,30.8,31.3,81000
2020-07-23,31.4,31.5,31.1,31.3,49000
2020-07-24,31.2,31.2,30.7,30.75,46000
2020-07-27,30.8,30.9,30.45,30.45,86000
2020-07-28,30.5,32.3,30.5,30.8,65000
2020-07-29,30.85,31.0,30.8,30.9,26000
2020-07-30,31.1,31.5,31.05,31.45,55000
2020-07-31,31.5,31.55,31.25,31.5,50000
2020-08-03,31.55,31.6,31.35,31.5,37000
2020-08-04,31.5,31.65,31.5,31.65,27000
2020-08-05,31.65,31.65,31.15,31.2,50000
2020-08-06,31.25,31.25,31.15,31.25,31000
2020-08-07,31.25,31.6,31.05,31.3,62000
2020-08-10,31.55,31.8,31.4,31.5,48000
2020-08-11,31.8,31.9,31.6,31.7,69000
2020-08-12,31.65,31.65,31.5,31.55,51000
2020-08-13,31.7,31.75,31.45,31.45,67000
2020-08-14,31.55,31.65,31.35,31.6,92000
2020-08-17,31.75,31.85,31.5,31.55,90000
2020-08-18,31.55,31.55,31.4,31.5,68000
2020-08-19,31.65,31.85,31.5,31.5,101000
2020-08-20,31.6,31.6,30.9,31.0,77000
2020-08-21,31.05,31.7,31.05,31.5,40000
2020-08-24,31.5,31.5,31.35,31.45,56000
2020-08-25,31.45,31.6,31.35,31.6,25000
2020-08-26,31.6,31.65,31.6,31.6,45000
2020-08-27,31.6,31.75,31.5,31.75,135000
2020-08-28,31.85,32.05,31.65,31.95,118000
2020-08-31,34.5,35.0,33.2,34.85,994000
2020-09-01,33.3,33.3,32.1,32.15,329000
2020-09-02,32.75,32.75,31.5,31.8,129000
2020-09-03,32.95,32.95,31.9,31.9,130000
2020-09-04,31.9,32.35,31.5,32.0,71000
2020-09-07,32.05,32.6,31.7,31.7,89000
2020-09-08,32.1,32.3,31.8,31.8,66000
2020-09-09,31.8,31.8,31.65,31.7,38000
2020-09-10,32.0,32.0,31.5,31.85,56000
2020-09-11,33.3,33.7,32.2,32.25,411000
2020-09-14,32.65,32.75,32.3,32.35,109000
2020-09-15,32.4,32.55,32.35,32.5,64000
2020-09-16,32.55,32.65,32.1,32.1,62000
2020-09-17,32.1,32.4,31.9,31.9,93000
2020-09-18,31.9,31.95,31.8,31.8,99000
2020-09-21,32.3,32.3,31.85,32.15,67000
2020-09-22,32.0,32.15,31.65,32.0,63000
2020-09-23,32.3,32.3,31.5,31.5,88000
2020-09-24,31.3,31.3,30.8,30.9,95000
2020-09-25,30.9,31.75,30.9,31.6,122000
2020-09-28,31.6,32.35,31.5,31.85,81000
2020-09-29,32.0,32.0,31.65,31.8,27000
2020-09-30,31.8,31.85,31.55,31.85,29000
2020-10-05,32.1,32.25,31.6,31.9,94000
2020-10-06,32.2,32.2,31.9,32.05,54000
2020-10-07,32.05,32.05,31.7,31.85,38000
2020-10-08,31.85,32.15,31.85,31.9,69000
2020-10-12,32.2,32.5,32.0,32.2,216000
2020-10-13,34.45,34.5,33.05,33.35,853000
2020-10-14,33.35,33.95,33.35,33.95,259000
2020-10-15,34.3,34.3,33.4,33.55,140000
2020-10-16,33.8,33.95,33.35,33.35,299000
2020-10-19,33.5,33.8,33.1,33.35,198000
2020-10-20,33.5,33.5,32.9,33.05,83000
2020-10-21,33.05,33.05,32.4,32.5,140000
2020-10-22,32.75,32.85,32.5,32.75,90000
2020-10-23,32.75,32.75,32.6,32.75,58000
2020-10-26,33.0,33.0,32.7,32.7,34000
2020-10-27,32.7,32.8,32.6,32.75,56000
2020-10-28,32.95,32.95,32.6,32.6,50000
2020-10-29,31.85,32.4,31.85,32.15,126000
2020-10-30,32.0,32.15,31.9,32.0,51000
2020-11-02,32.0,32.0,31.7,31.8,63000
2020-11-03,31.85,32.05,31.8,31.9,47000
2020-11-04,32.4,32.4,31.95,31.95,41000
2020-11-05,31.95,32.3,31.85,32.3,80000
2020-11-06,32.7,32.85,32.4,32.75,114000
2020-11-09,32.75,33.2,32.7,33.1,157000
2020-11-10,33.4,33.4,33.1,33.25,96000
2020-11-11,32.75,32.9,32.35,32.6,106000
2020-11-12,33.25,33.25,32.4,32.45,222000
2020-11-13,32.45,32.85,32.2,32.85,127000
2020-11-16,33.0,33.0,32.55,32.6,170000
2020-11-17,32.6,32.8,32.4,32.55,88000
2020-11-18,32.4,32.7,32.4,32.65,131000
2020-11-19,32.65,32.8,32.6,32.65,54000
2020-11-20,32.7,32.7,32.5,32.6,51000
2020-11-23,32.6,32.8,32.55,32.7,137000
2020-11-24,32.95,32.95,32.6,32.85,133000
2020-11-25,33.0,33.1,32.85,32.85,212000
2020-11-26,32.85,33.1,32.8,32.9,118000
2020-11-27,32.85,33.0,32.8,33.0,102000
2020-11-30,33.0,33.95,33.0,33.95,453000
2020-12-01,34.05,34.55,33.45,33.65,394000
2020-12-02,33.9,33.9,33.5,33.75,227000
2020-12-03,33.75,34.0,33.5,33.5,194000
2020-12-04,33.6,33.6,33.45,33.45,117000
2020-12-07,33.5,33.75,33.35,33.45,73000
2020-12-08,33.45,33.7,33.45,33.5,164000
2020-12-09,33.55,33.55,33.15,33.4,108000
2020-12-10,33.4,33.4,33.0,33.1,110000
2020-12-11,34.2,34.5,33.75,34.05,756000
2020-12-14,34.3,35.45,34.2,35.4,579000
2020-12-15,35.4,35.4,34.6,34.8,329000
2020-12-16,35.3,35.3,34.55,34.7,180000
2020-12-17,34.9,34.95,34.7,34.7,136000
2020-12-18,34.6,35.0,34.6,34.65,188000
2020-12-21,34.6,34.9,34.35,34.75,133000
2020-12-22,34.95,35.15,34.5,34.7,315000
2020-12-23,34.5,34.5,34.15,34.45,97000
2020-12-24,34.5,34.95,34.45,34.95,190000
2020-12-25,35.1,35.95,35.1,35.85,313000
2020-12-28,36.0,37.45,36.0,37.2,651000
2020-12-29,37.2,37.2,36.5,36.8,190000
2020-12-30,36.8,37.2,36.8,37.2,281000
2020-12-31,37.4,37.5,37.0,37.2,312000
2021-01-04,37.15,37.85,36.95,37.25,295000
2021-01-05,37.0,37.55,37.0,37.3,180000
2021-01-06,37.3,37.3,36.5,36.8,264000
2021-01-07,36.8,37.2,36.7,37.0,167000
2021-01-08,37.05,38.45,37.05,38.0,488000
2021-01-11,38.0,38.9,38.0,38.9,423000
2021-01-12,39.45,39.6,38.8,39.15,725000
2021-01-13,39.1,39.15,38.5,38.75,388000
2021-01-14,38.8,39.0,38.55,38.9,229000
2021-01-15,38.95,39.0,38.15,38.5,324000
2021-01-18,38.5,38.5,37.1,37.7,282000
2021-01-19,38.1,38.3,37.8,38.2,186000
2021-01-20,38.2,38.7,37.6,37.85,306000
2021-01-21,37.8,38.2,37.6,38.0,167000
2021-01-22,38.0,38.15,37.85,38.1,174000
2021-01-25,38.1,38.1,37.15,37.15,192000
2021-01-26,37.3,38.8,37.2,37.85,371000
2021-01-27,38.0,38.0,37.4,37.75,78000
2021-01-28,37.1,37.1,36.5,36.7,216000
2021-01-29,36.85,37.1,35.8,35.9,181000
2021-02-01,36.0,36.25,35.25,36.0,161000
2021-02-02,36.45,36.6,35.9,36.15,188000
2021-02-03,36.0,36.4,35.6,36.0,243000
2021-02-04,36.0,36.3,35.95,36.05,100000
2021-02-05,36.1,37.5,36.1,36.9,371000
2021-02-17,36.9,37.2,36.65,37.05,291000
2021-02-18,37.6,37.7,37.0,37.4,209000
2021-02-19,37.4,37.5,37.1,37.2,70000
2021-02-22,37.05,38.0,37.05,37.4,223000
2021-02-23,37.4,37.7,37.3,37.5,156000
2021-02-24,37.5,38.1,37.35,37.35,168000
2021-02-25,37.35,37.45,36.95,37.15,238000
2021-02-26,37.1,37.1,36.7,36.8,199000
2021-03-02,36.8,37.1,36.65,36.65,80000
2021-03-03,36.8,37.1,36.6,36.75,126000
2021-03-04,36.75,36.9,36.6,36.8,82000
2021-03-05,36.9,37.75,36.8,37.6,334000
2021-03-08,37.6,38.0,37.5,37.5,206000
2021-03-09,37.6,37.7,37.35,37.65,74000
2021-03-10,37.65,37.85,37.2,37.4,90000
2021-03-11,36.9,37.1,36.75,36.95,444000
2021-03-12,37.0,37.05,36.85,37.05,94000
2021-03-15,37.0,37.15,36.95,37.15,186000
2021-03-16,37.35,37.6,37.1,37.25,175000
2021-03-17,37.25,37.45,37.05,37.2,119000
2021-03-18,37.5,38.15,37.25,38.05,389000
2021-03-19,38.05,38.95,38.05,38.9,681000
2021-03-22,38.9,40.5,38.7,40.0,876000
2021-03-23,40.1,40.3,39.1,40.1,531000
2021-03-24,40.0,40.1,39.7,39.95,194000
2021-03-25,39.65,41.6,39.2,39.8,1041000
2021-03-26,40.2,41.6,40.15,41.1,2419000
2021-03-29,41.45,42.3,40.9,42.05,1380000
2021-03-30,42.0,42.45,41.5,42.35,606000
2021-03-31,42.6,42.7,41.8,41.85,747000
2021-04-01,41.9,42.3,41.7,41.95,462000
2021-04-06,42.3,42.85,42.0,42.6,716000
2021-04-07,42.6,42.6,40.75,41.45,976000
2021-04-08,41.45,42.5,41.35,41.9,720000
2021-04-09,42.3,42.4,41.7,41.85,476000
2021-04-12,42.7,44.0,42.0,43.7,1157000
2021-04-13,44.6,44.6,42.7,42.75,614000
2021-04-14,42.75,42.85,41.0,41.8,594000
2021-04-15,41.8,42.4,41.7,42.1,241000
2021-04-16,42.1,42.5,42.1,42.5,259000
2021-04-19,42.5,44.0,42.5,43.5,734000
2021-04-20,43.4,45.0,43.0,43.95,613000
2021-04-21,43.8,43.8,43.05,43.25,545000
2021-04-22,43.25,45.0,43.1,44.4,1190000
2021-04-23,44.7,48.6,44.7,48.6,2511000
2021-04-26,50.0,53.4,49.9,53.3,4281000
2021-04-27,53.5,55.2,50.7,51.9,3937000
2021-04-28,51.6,51.6,47.0,47.3,2477000
2021-04-29,47.0,47.2,45.6,47.0,1156000
2021-05-03,46.9,46.9,43.75,43.75,1085000
2021-05-04,43.75,45.0,40.65,41.95,1000000
2021-05-05,42.05,43.8,41.7,43.05,523000
2021-05-06,43.05,43.25,42.2,42.35,371000
2021-05-07,42.4,43.5,42.4,43.05,284000
2021-05-10,43.15,45.35,43.15,44.3,501000
2021-05-11,42.0,43.0,40.7,41.2,684000
2021-05-12,41.2,41.65,37.8,39.05,791000
2021-05-13,38.0,40.3,37.35,39.2,518000
2021-05-14,39.35,40.4,38.9,39.05,246000
2021-05-17,37.9,38.25,36.2,36.9,474000
2021-05-18,36.9,39.9,36.9,39.0,352000
2021-05-19,39.0,39.3,38.0,39.15,263000
2021-05-20,39.15,39.6,38.55,38.6,168000
2021-05-21,38.6,39.6,38.6,39.05,190000
2021-05-24,39.0,39.65,38.6,39.5,236000
2021-05-25,39.55,41.05,39.55,40.1,255000
2021-05-26,40.1,40.1,39.5,39.9,161000
2021-05-27,39.65,39.9,39.25,39.85,119000
2021-05-28,39.9,41.0,39.9,40.95,297000
2021-05-31,40.95,41.6,40.9,41.2,282000
2021-06-01,41.2,41.9,41.2,41.5,250000
2021-06-02,41.5,41.75,40.95,41.3,173000
2021-06-03,41.3,41.3,40.6,41.15,223000
2021-06-04,41.15,41.65,41.15,41.5,160000
2021-06-07,41.5,41.5,39.8,40.5,204000
2021-06-08,40.6,40.7,40.35,40.6,48000
2021-06-09,40.4,40.5,40.15,40.2,66000
2021-06-10,40.0,40.2,40.0,40.1,126000
2021-06-11,40.1,40.65,40.1,40.35,140000
2021-06-15,41.4,43.15,41.35,42.55,568000
2021-06-16,43.0,43.3,41.95,41.95,335000
2021-06-17,41.95,42.15,41.5,41.75,107000
2021-06-18,42.1,43.2,42.1,42.45,236000
2021-06-21,42.1,42.25,41.8,41.9,204000
2021-06-22,41.95,42.2,41.8,42.0,123000
2021-06-23,42.0,43.2,41.8,43.15,240000
2021-06-24,43.3,44.3,43.3,43.3,335000
2021-06-25,43.35,43.9,42.7,43.25,209000
2021-06-28,43.25,43.35,43.05,43.3,105000
2021-06-29,43.3,43.3,42.2,42.5,154000
2021-06-30,42.2,42.6,42.2,42.6,131000
2021-07-01,42.6,43.6,42.35,43.0,140000
2021-07-02,43.0,43.0,42.7,42.85,43000
2021-07-05,42.8,43.2,42.75,42.95,226000
2021-07-06,42.75,43.2,42.75,43.2,195000
2021-07-07,43.2,44.0,43.2,43.45,196000
2021-07-08,43.45,43.5,43.2,43.5,128000
2021-07-09,43.4,43.4,43.0,43.1,90000
2021-07-12,43.1,43.35,42.0,42.95,179000
2021-07-13,43.7,43.7,42.2,42.35,165000
2021-07-14,42.3,42.3,41.55,41.8,139000
2021-07-15,41.8,42.45,41.8,42.45,90000
2021-07-16,42.0,42.4,42.0,42.2,38000
2021-07-19,42.2,42.5,42.2,42.35,134000
2021-07-20,42.15,42.3,41.9,41.9,66000
2021-07-21,41.9,42.05,40.85,42.05,171000
2021-07-22,42.05,42.45,41.55,42.0,134000
2021-07-23,42.35,42.7,42.0,42.0,131000
2021-07-26,42.0,42.4,41.7,42.2,76000
2021-07-27,42.2,43.0,42.2,42.25,118000
2021-07-28,42.4,42.6,41.25,41.65,87000
2021-07-29,41.65,41.8,41.55,41.8,63000
2021-07-30,41.8,42.3,41.65,41.7,99000
2021-08-02,41.6,41.6,41.2,41.55,73000
2021-08-03,41.55,41.75,41.5,41.7,29000
2021-08-04,41.65,41.7,41.5,41.5,94000
2021-08-05,41.5,42.0,41.45,41.45,105000
2021-08-06,41.4,41.45,41.3,41.35,48000
2021-08-09,41.35,41.35,40.85,41.35,77000
2021-08-10,42.35,42.35,41.2,41.35,59000
2021-08-11,41.35,42.45,41.3,41.5,255000
2021-08-12,41.5,41.8,41.35,41.8,47000
2021-08-13,41.8,41.8,41.35,41.55,67000
2021-08-16,41.2,41.35,40.0,40.7,103000
2021-08-17,40.65,40.65,40.0,40.0,202000
2021-08-18,39.5,40.3,39.15,40.3,196000
2021-08-19,40.3,40.3,39.3,39.5,98000
2021-08-20,39.5,39.85,39.4,39.5,118000
2021-08-23,39.5,40.3,39.5,40.0,89000
2021-08-24,40.05,40.1,39.85,39.85,101000
2021-08-25,40.4,40.4,40.0,40.4,45000
2021-08-26,40.55,40.95,40.45,40.8,68000
2021-08-27,40.55,41.4,40.55,41.0,50000
2021-08-30,41.8,41.8,41.05,41.25,25000
2021-08-31,41.3,41.5,40.0,41.25,99000
2021-09-01,41.25,41.6,41.1,41.1,53000
2021-09-02,41.1,41.55,41.1,41.15,125000
2021-09-03,41.15,42.0,41.15,41.45,81000
2021-09-06,41.45,41.5,41.0,41.0,75000
2021-09-07,41.0,41.0,40.5,40.95,85000
2021-09-08,40.95,40.95,40.3,40.3,71000
2021-09-09,40.3,41.0,40.3,40.55,30000
2021-09-10,40.55,40.9,40.55,40.75,53000
2021-09-13,40.55,41.35,40.55,41.15,71000
2021-09-14,41.65,41.7,41.0,41.2,74000
2021-09-15,41.2,41.3,41.05,41.25,60000
2021-09-16,41.4,41.7,41.35,41.55,255000
2021-09-17,38.75,39.4,38.75,39.3,136000
2021-09-22,39.2,39.5,38.7,38.9,133000
2021-09-23,39.2,39.2,38.95,39.05,38000
2021-09-24,39.05,39.65,39.05,39.4,84000
2021-09-27,39.35,39.4,39.35,39.35,32000
2021-09-28,39.35,39.4,39.25,39.3,44000
2021-09-29,39.2,39.2,38.8,38.95,83000
2021-09-30,39.0,39.2,39.0,39.15,10000
2021-10-01,38.95,39.1,38.45,38.5,119000
2021-10-04,38.65,38.9,37.7,38.5,166000
2021-10-05,38.45,38.5,37.75,38.5,96000
2021-10-06,38.8,38.8,37.8,37.9,84000
2021-10-07,37.9,38.45,37.85,38.35,50000
2021-10-08,38.35,38.35,38.0,38.05,60000
2021-10-12,37.8,37.8,37.5,37.6,96000
2021-10-13,37.5,37.5,37.1,37.2,49000
2021-10-14,37.2,37.45,37.05,37.2,76000
2021-10-15,37.35,37.55,37.3,37.35,26000
2021-10-18,37.35,37.6,37.3,37.3,34000
2021-10-19,37.9,37.9,37.8,37.8,17000
2021-10-20,37.7,37.8,37.7,37.8,46000
2021-10-21,37.8,38.5,37.8,38.35,60000
2021-10-22,38.5,38.55,38.35,38.45,15000
2021-10-25,38.3,38.8,38.15,38.5,42000
2021-10-26,38.5,38.7,38.5,38.5,35000
2021-10-27,38.5,38.5,38.1,38.3,54000
2021-10-28,38.3,41.3,38.3,40.2,498000
2021-10-29,40.2,40.2,39.45,39.5,106000
2021-11-01,39.5,40.1,39.5,40.0,71000
2021-11-02,40.25,42.75,40.2,42.0,850000
2021-11-03,42.0,42.85,41.55,42.65,497000
2021-11-04,42.65,45.5,42.65,45.0,2286000
2021-11-05,44.8,45.3,44.5,45.05,956000
2021-11-08,45.2,45.4,44.3,44.7,802000
2021-11-09,44.7,44.7,43.7,43.9,467000
2021-11-10,43.5,44.7,43.5,44.3,409000
2021-11-11,43.8,44.25,43.1,43.2,365000
2021-11-12,43.2,43.8,42.95,43.35,297000
2021-11-15,43.5,45.15,43.5,44.9,956000
2021-11-16,44.9,46.15,44.5,44.95,854000
2021-11-17,45.1,45.1,44.25,44.8,178000
2021-11-18,44.75,44.95,44.25,44.5,243000
2021-11-19,45.0,45.0,44.1,44.3,142000
2021-11-22,44.0,44.65,44.0,44.3,97000
2021-11-23,44.3,44.35,43.5,43.85,143000
2021-11-24,43.9,45.4,43.9,45.3,379000
2021-11-25,45.3,45.6,44.65,44.7,252000
2021-11-26,44.7,44.7,43.8,44.2,160000
2021-11-29,43.3,43.45,41.8,43.05,323000
2021-11-30,43.6,43.8,43.3,43.5,71000
2021-12-01,43.05,43.7,43.05,43.5,74000
2021-12-02,43.3,43.7,43.2,43.4,122000
2021-12-03,43.0,43.6,43.0,43.35,124000
2021-12-06,43.35,43.5,43.1,43.4,91000
2021-12-07,43.35,43.5,43.25,43.45,104000
2021-12-08,43.6,43.75,43.1,43.25,190000
2021-12-09,43.1,44.8,43.1,44.4,320000
2021-12-10,44.4,45.0,44.15,44.75,230000
2021-12-13,45.0,45.0,44.05,44.3,195000
2021-12-14,44.1,44.1,43.1,43.15,216000
2021-12-15,43.3,43.4,42.8,43.1,143000
2021-12-16,43.65,43.65,43.2,43.45,50000
2021-12-17,43.45,43.6,43.05,43.3,80000
2021-12-20,43.3,44.05,43.3,43.75,124000
2021-12-21,43.75,45.2,43.75,45.0,577000
2021-12-22,45.1,45.8,44.55,44.9,415000
2021-12-23,44.9,44.9,44.0,44.45,152000
2021-12-24,44.9,48.85,44.9,48.85,2699000
2021-12-27,51.1,51.1,47.65,47.65,4485000
2021-12-28,48.2,48.2,46.95,47.05,1022000
2021-12-29,47.95,51.7,47.55,50.3,4134000
2021-12-30,49.45,53.8,49.45,50.7,3305000
2022-01-03,51.7,53.5,51.0,51.8,1851000
2022-01-04,52.4,52.4,50.4,51.1,1062000
2022-01-05,51.1,52.5,50.1,51.4,1060000
2022-01-06,50.7,53.0,50.7,51.8,933000
2022-01-07,52.8,52.8,50.5,50.6,992000
2022-01-10,51.0,51.5,50.3,50.7,643000
2022-01-11,51.0,52.0,50.7,51.3,568000
2022-01-12,51.5,53.3,51.2,52.3,999000
2022-01-13,52.3,57.5,52.3,57.5,6591000
2022-01-14,56.5,56.5,53.3,54.2,3822000
2022-01-17,54.2,54.8,52.8,54.5,1156000
2022-01-18,54.6,55.5,53.2,53.2,967000
2022-01-19,52.0,53.2,51.5,51.8,997000
2022-01-20,51.9,52.3,51.3,52.2,388000
2022-01-21,51.1,51.4,49.75,49.85,1048000
2022-01-24,49.1,49.9,48.5,49.65,373000
2022-01-25,48.85,50.3,48.1,48.5,532000
2022-01-26,48.5,50.8,48.5,50.3,380000
2022-02-07,51.4,52.9,51.0,52.4,550000
2022-02-08,52.3,52.9,51.8,52.7,358000
2022-02-09,53.0,54.5,52.5,54.1,498000
2022-02-10,54.1,54.5,53.0,53.7,336000
2022-02-11,52.3,55.8,52.3,54.8,838000
2022-02-14,54.8,56.5,54.1,55.6,933000
2022-02-15,54.4,55.2,54.0,54.0,736000
2022-02-16,54.8,54.8,54.0,54.3,277000
2022-02-17,54.2,55.4,53.5,53.6,400000
2022-02-18,53.6,54.6,53.6,54.2,304000
2022-02-21,54.4,55.9,53.7,55.4,528000
2022-02-22,55.0,55.7,53.4,54.0,413000
2022-02-23,54.0,55.4,53.6,55.0,386000
2022-02-24,55.0,55.0,52.7,53.4,407000
2022-02-25,53.6,54.7,53.1,54.5,327000
2022-03-01,54.5,54.9,53.8,54.2,285000
2022-03-02,54.2,55.2,53.5,54.2,250000
2022-03-03,54.2,54.6,53.3,54.1,234000
2022-03-04,54.0,54.0,51.6,52.1,378000
2022-03-07,51.6,51.9,49.85,51.9,411000
2022-03-08,51.0,51.4,49.7,50.6,373000
2022-03-09,50.3,51.4,50.3,51.4,140000
2022-03-10,52.2,52.5,52.0,52.4,215000
2022-03-11,51.0,52.1,50.3,52.1,271000
2022-03-14,51.7,52.9,51.7,52.5,181000
2022-03-15,52.5,52.5,50.3,51.3,283000
2022-03-16,51.3,51.7,50.9,51.0,124000
2022-03-17,51.5,52.1,51.3,51.5,118000
2022-03-18,51.6,52.0,51.2,51.6,91000
2022-03-21,51.6,52.8,51.6,52.7,302000
2022-03-22,52.6,52.8,52.2,52.8,173000
2022-03-23,52.9,54.2,52.8,53.4,356000
2022-03-24,53.4,53.5,52.9,53.5,97000
2022-03-25,53.0,53.1,51.2,52.4,569000
2022-03-28,52.0,52.2,50.3,52.2,246000
2022-03-29,52.2,53.6,51.2,52.1,471000
2022-03-30,52.7,53.0,52.0,52.6,216000
2022-03-31,52.9,53.4,52.5,52.5,165000
2022-04-01,52.3,53.9,51.9,53.9,365000
2022-04-06,54.2,55.2,53.3,53.6,500000
2022-04-07,53.5,54.6,52.5,52.6,367000
2022-04-08,52.8,53.8,52.7,53.8,227000
2022-04-11,54.6,56.8,54.6,56.2,1737000
2022-04-12,55.8,60.7,55.0,59.0,3991000
2022-04-13,59.1,60.3,57.8,59.0,2087000
2022-04-14,59.0,59.4,58.0,59.4,1072000
2022-04-15,60.5,60.6,58.2,58.2,1136000
2022-04-18,57.9,59.7,55.5,58.0,1519000
2022-04-19,59.2,59.2,56.9,56.9,626000
2022-04-20,57.1,59.7,57.1,57.2,1390000
2022-04-21,57.8,60.0,57.8,60.0,1710000
2022-04-22,60.5,62.0,58.1,58.1,2290000
2022-04-25,57.0,57.4,54.1,54.2,930000
2022-04-26,55.1,55.8,54.6,55.1,573000
2022-04-27,54.0,54.0,51.7,52.8,640000
2022-04-28,52.8,53.6,52.0,52.0,441000
2022-04-29,52.1,53.1,52.1,52.8,261000
2022-05-03,52.2,53.3,52.2,52.9,306000
2022-05-04,52.9,52.9,51.2,51.3,580000
2022-05-05,51.4,52.2,51.4,51.8,231000
2022-05-06,50.7,50.7,49.85,50.2,657000
2022-05-09,50.0,50.1,48.45,49.4,639000
2022-05-10,48.5,49.75,48.5,49.75,310000
2022-05-11,48.6,49.6,48.1,48.5,312000
2022-05-12,48.0,48.9,46.3,46.95,481000
2022-05-13,46.95,48.05,46.95,48.0,167000
2022-05-16,48.1,48.15,47.15,47.5,157000
2022-05-17,47.5,48.2,47.4,47.6,134000
2022-05-18,47.95,48.8,47.95,48.75,132000
2022-05-19,47.7,48.05,47.15,47.8,176000
2022-05-20,47.65,48.1,47.55,48.0,155000
2022-05-23,48.1,48.1,47.5,47.75,91000
2022-05-24,48.5,48.5,47.05,47.3,309000
2022-05-25,47.25,48.55,47.1,48.2,471000
2022-05-26,48.55,50.0,48.35,48.6,358000
2022-05-27,49.3,49.4,48.25,49.0,356000
2022-05-30,49.6,50.3,49.5,49.75,239000
2022-05-31,49.75,49.75,48.7,49.4,218000
2022-06-01,49.65,50.1,49.05,49.5,147000
2022-06-02,49.05,49.5,48.7,49.3,145000
2022-06-06,49.3,50.1,48.95,48.95,146000
2022-06-07,48.8,49.1,48.6,48.6,78000
2022-06-08,48.6,49.9,48.5,48.8,285000
2022-06-09,48.95,49.4,48.95,48.95,142000
2022-06-10,48.5,48.85,48.5,48.65,68000
2022-06-13,47.8,48.15,46.8,47.3,250000
2022-06-14,46.6,47.0,45.7,46.7,246000
2022-06-15,46.6,46.6,46.1,46.2,81000
2022-06-16,46.4,46.6,45.0,45.0,203000
2022-06-17,44.5,45.95,44.5,45.95,143000
2022-06-20,45.95,45.95,43.65,45.1,266000
2022-06-21,44.95,46.4,44.2,46.4,157000
2022-06-22,45.2,45.85,44.0,44.25,207000
2022-06-23,44.75,44.95,43.1,44.5,310000
2022-06-24,44.5,44.85,44.3,44.75,81000
2022-06-27,47.0,47.0,45.3,45.5,126000
2022-06-28,45.2,45.5,43.75,44.6,98000
2022-06-29,44.6,44.9,44.1,44.8,64000
2022-06-30,44.85,44.85,43.2,43.7,151000
2022-07-01,43.7,43.7,41.6,41.7,225000
2022-07-04,41.7,42.6,41.5,42.4,120000
2022-07-05,42.7,43.4,41.75,43.4,122000
2022-07-06,43.4,43.4,41.3,42.05,160000
2022-07-07,41.75,42.5,41.6,42.25,134000
2022-07-08,42.85,43.4,42.65,43.05,76000
2022-07-11,41.95,43.5,41.95,43.5,120000
2022-07-12,43.2,43.4,42.45,42.95,180000
2022-07-13,43.6,43.85,43.4,43.6,81000
2022-07-14,43.55,44.1,43.55,44.05,101000
2022-07-15,43.8,44.65,43.8,44.55,106000
2022-07-18,44.95,44.95,44.6,44.6,46000
2022-07-19,44.6,44.95,44.4,44.4,28000
2022-07-20,45.0,45.2,44.0,44.05,65000
2022-07-21,44.05,44.6,43.9,44.5,59000
2022-07-22,44.45,44.95,44.1,44.95,109000
2022-07-25,44.95,45.0,44.5,45.0,78000
2022-07-26,45.0,45.0,44.5,44.65,34000
2022-07-27,44.9,44.9,44.4,44.55,55000
2022-07-28,44.55,45.5,44.5,45.2,105000
2022-07-29,45.3,45.4,44.9,45.4,40000
2022-08-01,45.2,45.2,44.9,45.1,71000
2022-08-02,44.65,45.0,44.3,44.8,64000
2022-08-03,44.2,44.75,44.1,44.6,45000
2022-08-04,44.95,44.95,43.0,44.25,78000
2022-08-05,44.25,44.9,44.25,44.7,64000
2022-08-08,44.7,45.0,44.0,44.65,54000
2022-08-09,44.65,45.15,44.2,44.95,112000
2022-08-10,45.1,45.5,44.6,45.2,89000
2022-08-11,45.05,45.9,44.95,45.25,287000
2022-08-12,45.5,46.1,45.2,46.0,189000
2022-08-15,46.0,46.3,45.7,46.3,93000
2022-08-16,46.3,46.6,46.3,46.35,96000
2022-08-17,46.35,46.4,46.1,46.3,48000
2022-08-18,46.3,46.55,45.3,46.4,268000
2022-08-19,46.35,46.7,46.1,46.5,165000
2022-08-22,46.5,46.5,46.0,46.0,99000
2022-08-23,45.5,45.85,45.4,45.5,56000
2022-08-24,45.5,46.35,45.5,46.15,68000
2022-08-25,46.15,46.5,46.15,46.3,178000
2022-08-26,46.3,47.85,46.3,47.35,209000
2022-08-29,46.8,46.95,46.35,46.8,71000
2022-08-30,46.8,48.4,46.8,47.95,133000
2022-08-31,47.5,49.6,47.5,49.55,282000
2022-09-01,49.55,50.6,49.1,49.95,275000
2022-09-02,49.95,51.0,49.95,50.2,401000
2022-09-05,50.2,50.3,49.3,49.4,233000
2022-09-06,49.45,50.1,49.05,49.4,240000
2022-09-07,49.4,49.75,49.15,49.3,216000
2022-09-08,49.3,49.7,49.3,49.65,135000
2022-09-12,49.65,50.4,49.65,50.1,155000
2022-09-13,50.2,50.9,50.2,50.7,244000
2022-09-14,50.1,50.9,49.8,50.6,215000
2022-09-15,50.7,51.2,50.5,50.5,244000
2022-09-16,50.5,51.2,50.3,50.6,139000
2022-09-19,50.3,50.6,50.1,50.6,248000
2022-09-20,47.6,47.6,46.0,46.2,321000
2022-09-21,46.2,46.45,45.05,45.5,201000
2022-09-22,45.2,45.2,43.25,44.8,135000
2022-09-23,44.5,44.5,43.65,43.85,163000
2022-09-26,43.85,43.85,42.05,43.8,248000
2022-09-27,43.5,43.5,42.0,43.0,134000
2022-09-28,43.0,43.0,40.7,41.65,186000
2022-09-29,41.15,41.75,40.95,41.3,109000
2022-09-30,41.3,41.3,40.15,40.7,104000
2022-10-03,40.1,40.75,40.1,40.5,79000
2022-10-04,40.95,41.6,40.9,41.3,80000
2022-10-05,41.6,42.0,40.9,41.2,114000
2022-10-06,41.25,41.25,40.9,40.95,66000
2022-10-07,40.4,41.25,40.4,41.1,32000
2022-10-11,41.0,41.0,39.6,39.8,114000
2022-10-12,39.8,39.8,39.1,39.75,104000
2022-10-13,39.35,39.7,37.6,38.55,173000
2022-10-14,39.0,39.3,38.75,39.1,33000
2022-10-17,38.6,38.7,37.75,38.55,47000
2022-10-18,38.9,39.15,38.6,39.15,48000
2022-10-19,38.95,39.5,38.7,39.2,61000
2022-10-20,38.7,39.8,38.35,39.0,112000
2022-10-21,38.9,39.45,38.85,38.95,12000
2022-10-24,38.95,41.55,38.35,40.5,337000
2022-10-25,40.35,41.15,39.5,40.95,157000
2022-10-26,40.95,41.1,40.2,41.0,157000
2022-10-27,41.0,41.35,40.4,41.05,119000
2022-10-28,41.05,41.5,40.85,41.2,109000
2022-10-31,41.5,41.5,40.45,40.55,45000
2022-11-01,40.55,42.0,40.25,41.65,132000
2022-11-02,41.8,42.5,41.8,41.95,60000
2022-11-03,40.6,41.8,40.6,41.0,64000
2022-11-04,41.0,41.0,40.9,41.0,11000
2022-11-07,41.3,41.3,41.0,41.0,45000
2022-11-08,41.35,43.0,41.35,41.8,67000
2022-11-09,42.7,42.7,41.8,42.05,45000
2022-11-10,42.45,42.9,41.9,41.95,37000
2022-11-11,43.0,43.0,41.2,41.5,106000
2022-11-14,41.3,41.65,41.3,41.65,17000
2022-11-15,41.1,41.55,41.1,41.15,38000
2022-11-16,41.25,41.55,41.15,41.4,32000
2022-11-17,41.7,42.0,41.35,41.6,28000
2022-11-18,41.35,41.45,41.1,41.4,56000
2022-11-21,41.4,42.05,41.1,41.8,63000
2022-11-22,42.25,42.25,41.7,41.95,33000
2022-11-23,42.1,42.1,41.5,41.9,31000
2022-11-24,42.0,42.7,41.9,42.15,101000
2022-11-25,42.0,42.2,41.85,41.95,53000
2022-11-28,42.6,42.6,41.8,42.2,34000
2022-11-29,41.8,42.1,41.65,41.75,61000
2022-11-30,42.2,42.2,41.7,41.7,48000
2022-12-01,42.05,42.05,41.7,41.85,71000
2022-12-02,41.85,42.0,41.6,41.9,84000
2022-12-05,42.2,42.2,41.7,41.85,75000
2022-12-06,41.9,41.9,41.55,41.55,32000
2022-12-07,41.8,43.0,41.6,41.85,197000
2022-12-08,41.85,41.85,41.1,41.55,70000
2022-12-09,42.05,42.5,41.55,41.8,120000
2022-12-12,41.8,41.8,40.95,41.2,125000
2022-12-13,41.2,41.2,40.7,40.7,70000
2022-12-14,40.55,41.0,40.5,40.6,119000
2022-12-15,40.45,40.9,40.4,40.8,52000
2022-12-16,40.65,40.95,40.25,40.35,56000
2022-12-19,40.5,40.65,39.9,40.0,81000
2022-12-20,40.05,40.4,39.05,39.15,92000
2022-12-21,39.1,39.45,39.0,39.05,57000
2022-12-22,39.5,39.5,39.05,39.05,44000
2022-12-23,38.9,39.4,38.9,39.15,17000
2022-12-26,39.6,39.6,39.25,39.25,64000
2022-12-27,39.5,39.5,39.2,39.35,17000
2022-12-28,39.35,39.65,38.95,38.95,44000
2022-12-29,39.0,39.3,38.95,39.1,23000
2022-12-30,38.95,39.15,38.95,39.1,42000
2023-01-03,39.05,39.05,39.0,39.05,7000
2023-01-04,39.4,39.4,39.05,39.1,26000
2023-01-05,39.05,39.25,38.8,38.85,93000
2023-01-06,39.0,39.0,38.75,38.95,34000
2023-01-09,39.4,39.4,39.05,39.15,62000
2023-01-10,39.3,39.35,39.15,39.15,32000
2023-01-11,39.2,39.2,38.8,38.85,183000
2023-01-12,38.85,39.45,38.85,38.85,43000
2023-01-13,39.3,39.3,38.85,38.95,25000
2023-01-16,39.4,39.4,38.85,38.95,48000
2023-01-17,39.3,39.3,38.8,39.05,32000
2023-01-30,39.05,39.6,39.05,39.55,39000
2023-01-31,39.55,39.8,39.55,39.75,38000
2023-02-01,39.85,40.0,39.75,39.95,89000
2023-02-02,40.05,40.2,39.9,39.9,76000
2023-02-03,40.0,40.3,39.9,40.1,105000
2023-02-06,40.2,40.25,39.9,40.0,55000
2023-02-07,40.2,40.2,40.0,40.15,52000
2023-02-08,40.15,40.45,40.05,40.25,68000
2023-02-09,40.5,40.5,40.05,40.25,37000
2023-02-10,40.4,40.4,39.9,39.9,63000
2023-02-13,39.5,39.5,38.25,38.85,183000
2023-02-14,38.85,39.05,38.85,38.95,60000
2023-02-15,39.0,39.0,38.6,38.75,130000
2023-02-16,38.75,38.85,38.55,38.65,102000
2023-02-17,38.8,39.6,38.7,39.2,100000
2023-02-20,39.25,39.5,39.1,39.2,108000
2023-02-21,39.4,39.4,39.05,39.2,87000
2023-02-22,39.25,39.35,39.05,39.35,69000
2023-02-23,39.55,39.8,39.2,39.65,83000
2023-02-24,40.0,40.0,39.45,39.5,62000
2023-03-01,39.6,39.7,39.4,39.45,54000
2023-03-02,39.95,39.95,39.3,39.45,66000
2023-03-03,39.8,39.8,39.4,39.45,55000
2023-03-06,39.45,39.6,39.4,39.45,93000
2023-03-07,39.85,39.85,39.3,39.3,184000
2023-03-08,39.3,39.5,39.3,39.4,49000
2023-03-09,39.75,39.75,39.4,39.4,88000
2023-03-10,39.45,39.5,39.05,39.15,111000
2023-03-13,39.0,39.4,38.65,39.0,70000
2023-03-14,39.45,39.45,39.0,39.0,42000
2023-03-15,39.0,39.0,38.75,38.9,84000
2023-03-16,38.9,38.9,38.3,38.5,98000
2023-03-17,38.85,38.9,38.55,38.9,33000
2023-03-20,38.9,38.95,38.7,38.8,37000
2023-03-21,38.8,39.0,38.8,38.95,34000
2023-03-22,39.3,39.4,39.0,39.15,61000
2023-03-23,39.35,39.35,39.05,39.3,52000
2023-03-24,39.25,39.25,38.85,38.9,110000
2023-03-27,39.15,39.15,38.7,38.8,45000
2023-03-28,38.95,38.95,38.35,38.35,67000
2023-03-29,38.7,38.7,38.35,38.45,39000
2023-03-30,38.5,39.0,38.45,38.6,35000
2023-03-31,38.6,38.8,38.55,38.8,32000
2023-04-06,38.8,39.0,38.6,38.85,34000
2023-04-07,38.85,38.85,38.4,38.6,58000
2023-04-10,38.6,38.7,38.55,38.65,62000
2023-04-11,38.9,38.9,38.6,38.7,71000
2023-04-12,38.85,38.9,38.6,38.8,63000
2023-04-13,38.7,38.85,38.6,38.8,59000
2023-04-14,38.85,39.25,38.85,39.2,92000
2023-04-17,39.4,39.45,39.0,39.25,75000
2023-04-18,39.35,39.35,38.9,39.05,62000
2023-04-19,39.05,39.05,38.7,38.75,58000
2023-04-20,38.75,38.95,38.5,38.5,80000
2023-04-21,38.45,38.5,38.05,38.05,98000
2023-04-24,38.15,38.35,38.0,38.25,64000
2023-04-25,38.25,38.35,37.8,37.95,88000
2023-04-26,38.35,38.35,37.7,37.9,38000
2023-04-27,37.75,37.8,37.55,37.65,84000
2023-04-28,37.75,37.95,37.7,37.95,24000
2023-05-02,38.0,38.1,37.8,37.95,78000
2023-05-03,37.9,37.95,37.8,37.8,25000
2023-05-04,38.05,38.05,37.55,37.8,91000
2023-05-05,37.8,37.8,37.6,37.75,70000
2023-05-08,38.1,38.1,37.55,37.85,42000
2023-05-09,37.9,37.9,37.55,37.8,56000
2023-05-10,37.65,37.85,37.65,37.85,20000
2023-05-11,37.55,37.85,37.35,37.4,124000
2023-05-12,37.4,37.8,37.05,37.5,60000
2023-05-15,37.5,37.5,37.2,37.4,63000
2023-05-16,37.75,37.75,37.05,37.55,103000
2023-05-17,37.55,37.75,37.55,37.65,36000
2023-05-18,37.9,37.9,37.5,37.65,56000
2023-05-19,37.9,37.9,37.6,37.75,31000
2023-05-22,37.9,38.1,37.9,38.05,51000
2023-05-23,38.2,38.2,38.0,38.1,27000
2023-05-24,38.1,38.35,38.1,38.1,23000
2023-05-25,38.25,38.25,38.0,38.1,27000
2023-05-26,38.2,38.4,38.0,38.05,38000
2023-05-29,37.9,38.05,37.85,38.0,49000
2023-05-30,38.4,38.4,37.8,38.0,28000
2023-05-31,37.9,38.0,37.85,37.85,39000
2023-06-01,38.2,38.25,37.9,38.0,34000
2023-06-02,37.8,38.1,37.8,37.95,40000
2023-06-05,38.0,38.1,37.8,38.05,71000
2023-06-06,38.25,38.3,38.0,38.05,26000
2023-06-07,38.4,38.4,36.5,38.0,288000
2023-06-08,38.2,38.2,38.0,38.0,78000
2023-06-09,38.35,38.35,38.05,38.1,38000
2023-06-12,38.0,38.2,37.9,37.9,44000
2023-06-13,38.15,38.15,37.8,37.8,36000
2023-06-14,37.65,37.95,37.65,37.65,68000
2023-06-15,38.05,38.05,37.6,37.7,42000
2023-06-16,38.15,38.15,37.7,37.8,85000
2023-06-19,37.9,37.9,37.7,37.8,54000
2023-06-20,37.95,38.1,37.75,37.85,47000
2023-06-21,37.8,38.15,37.75,38.0,46000
2023-06-26,37.9,38.25,37.9,37.95,40000
2023-06-27,38.25,38.35,38.1,38.1,45000
2023-06-28,38.35,38.4,38.1,38.1,95000
2023-06-29,38.4,38.4,38.1,38.2,42000
2023-06-30,38.35,38.35,38.0,38.0,36000
2023-07-03,38.35,38.35,37.85,38.0,34000
2023-07-04,38.0,38.2,37.9,38.0,79000
2023-07-05,38.3,38.3,37.85,37.95,71000
2023-07-06,38.0,38.0,37.8,37.8,52000
2023-07-07,38.0,38.0,37.75,37.9,62000
2023-07-10,37.7,38.0,37.7,37.9,36000
2023-07-11,38.0,38.0,37.8,38.0,49000
2023-07-12,38.0,38.0,37.7,37.75,67000
2023-07-13,38.0,38.0,37.7,37.7,46000
2023-07-14,37.95,38.0,37.6,37.75,44000
2023-07-17,37.8,37.8,37.3,37.4,119000
2023-07-18,37.4,37.4,36.95,37.1,162000
2023-07-19,37.1,37.3,36.85,36.95,163000
2023-07-20,36.95,37.0,36.9,36.95,71000
2023-07-21,36.95,37.0,36.9,36.95,59000
2023-07-24,37.0,37.0,36.8,36.85,93000
2023-07-25,37.0,37.0,36.8,36.85,154000
2023-07-26,36.9,37.0,36.85,36.95,158000
2023-07-27,36.95,37.0,36.75,37.0,90000
2023-07-28,37.0,37.0,36.9,36.9,75000
2023-07-31,36.95,37.0,36.85,36.95,127000
2023-08-01,37.0,37.1,36.95,36.95,125000
2023-08-02,36.95,37.0,36.85,36.85,113000
2023-08-04,36.8,36.85,36.7,36.7,47000
2023-08-07,36.75,36.8,36.55,36.7,39000
2023-08-08,36.7,36.7,36.5,36.55,122000
2023-08-09,36.55,36.85,36.2,36.2,444000
2023-08-10,36.65,36.65,36.35,36.45,329000
2023-08-11,36.7,36.7,36.45,36.5,66000
2023-08-14,36.5,36.5,35.95,36.2,155000
2023-08-15,36.1,36.2,35.95,36.0,81000
2023-08-16,36.0,36.0,35.65,35.85,60000
2023-08-17,35.8,35.85,35.7,35.75,136000
2023-08-18,35.7,35.75,35.5,35.5,140000
2023-08-21,35.6,35.6,35.4,35.4,87000
2023-08-22,35.5,35.5,35.2,35.2,143000
2023-08-23,35.2,35.5,35.15,35.25,87000
2023-08-24,35.25,35.5,35.2,35.5,182000
2023-08-25,35.65,36.35,35.65,36.25,87000
2023-08-28,37.1,37.1,36.2,36.45,70000
2023-08-29,36.75,36.8,36.35,36.6,108000
2023-08-30,36.9,37.05,36.6,37.05,140000
2023-08-31,36.8,37.25,36.8,37.1,101000
2023-09-01,37.0,37.1,36.95,37.1,119000
2023-09-04,37.15,37.35,37.15,37.3,85000
2023-09-05,37.45,37.65,37.45,37.55,76000
2023-09-06,37.7,37.7,37.5,37.5,76000
2023-09-07,37.65,37.65,37.0,37.1,102000
2023-09-08,37.1,37.3,37.0,37.05,230000
2023-09-11,37.3,37.5,36.95,36.95,95000
2023-09-12,37.5,37.7,37.2,37.5,338000
2023-09-13,36.0,36.95,36.0,36.2,83000
2023-09-14,36.2,36.5,36.2,36.45,190000
2023-09-15,36.8,36.85,36.55,36.7,196000
2023-09-18,36.75,36.95,36.4,36.9,127000
2023-09-19,36.85,36.85,36.6,36.6,87000
2023-09-20,36.9,36.9,36.4,36.6,30000
2023-09-21,36.6,36.6,36.25,36.3,55000
2023-09-22,36.1,36.35,36.1,36.3,151000
2023-09-25,36.45,36.45,36.3,36.3,10000
2023-09-26,36.3,36.45,36.2,36.3,111000
2023-09-27,36.1,36.1,35.75,35.75,87000
2023-09-28,36.25,36.25,35.75,35.75,49000
2023-10-02,36.7,36.7,35.9,36.1,11000
2023-10-03,36.1,36.1,36.0,36.05,22000
2023-10-04,36.0,36.0,35.8,35.8,34000
2023-10-05,35.7,35.85,35.7,35.85,16000
2023-10-06,35.9,35.9,35.75,35.85,18000
2023-10-11,36.1,36.1,35.75,35.95,15000
2023-10-12,35.95,36.25,35.9,35.95,50000
2023-10-13,36.0,36.05,35.75,35.8,22000
2023-10-16,36.1,36.1,35.75,35.8,21000
2023-10-17,36.0,36.0,35.6,36.0,24000
2023-10-18,36.25,36.25,35.55,35.9,69000
2023-10-19,35.8,35.85,35.55,35.7,28000
2023-10-20,35.95,35.95,35.3,35.4,43000
2023-10-23,35.8,35.8,35.4,35.4,21000
2023-10-24,35.95,35.95,35.4,35.5,37000
2023-10-25,35.5,35.7,35.5,35.5,29000
2023-10-26,35.5,35.5,35.3,35.35,23000
2023-10-27,35.35,35.45,35.3,35.35,38000
2023-10-30,35.25,35.7,35.25,35.7,10000
2023-10-31,35.7,35.7,34.5,35.35,58000
2023-11-01,35.05,35.4,34.9,35.4,42000
2023-11-02,35.2,35.4,35.2,35.4,19000
2023-11-03,35.25,35.8,35.2,35.8,45000
2023-11-06,35.75,35.8,35.6,35.6,53000
2023-11-07,35.95,35.95,35.6,35.7,15000
2023-11-08,35.75,35.8,35.65,35.65,16000
2023-11-09,35.55,35.6,35.25,35.3,29000
2023-11-10,35.9,35.9,35.55,35.65,69000
2023-11-13,35.0,35.0,33.55,34.9,170000
2023-11-14,35.5,35.5,34.55,35.25,21000
2023-11-15,35.1,35.6,35.0,35.25,94000
2023-11-16,35.25,35.25,34.9,35.1,55000
2023-11-17,35.25,35.35,35.0,35.0,63000
2023-11-20,35.0,35.35,35.0,35.0,26000
2023-11-21,35.0,35.15,34.8,35.0,49000
2023-11-22,35.0,35.0,34.55,34.9,80000
2023-11-23,34.9,35.35,34.85,35.1,58000
2023-11-24,35.1,35.1,34.6,35.0,34000
2023-11-27,35.7,35.7,35.1,35.1,32000
2023-11-28,35.65,35.65,35.1,35.15,85000
2023-11-29,35.2,35.7,35.15,35.5,100000
2023-11-30,35.55,35.65,35.55,35.65,41000
2023-12-01,35.6,35.65,35.55,35.55,49000
2023-12-04,35.55,35.7,34.7,35.5,87000
2023-12-05,35.6,35.6,35.35,35.5,47000
2023-12-06,35.55,35.6,35.3,35.55,52000
2023-12-07,34.6,35.0,34.6,34.8,134000
2023-12-08,35.0,35.0,34.8,34.8,66000
2023-12-11,34.85,34.85,34.8,34.85,24000
2023-12-12,34.85,34.85,34.55,34.6,94000
2023-12-13,34.75,35.05,34.7,34.75,92000
2023-12-14,35.05,35.05,34.8,34.85,22000
2023-12-15,34.85,34.95,34.75,34.85,49000
2023-12-18,35.1,35.1,34.9,34.95,37000
2023-12-19,35.0,35.05,34.85,34.85,33000
2023-12-20,34.85,35.0,34.8,34.8,51000
2023-12-21,34.75,35.15,34.75,34.95,63000
2023-12-22,35.8,35.8,34.95,35.0,33000
2023-12-25,35.05,35.1,34.9,34.95,30000
2023-12-26,34.95,35.3,34.95,35.15,22000
2023-12-27,35.45,35.45,35.1,35.15,23000
2023-12-28,35.15,35.5,34.95,35.3,118000
2023-12-29,35.35,35.45,35.3,35.4,56000
2024-01-02,35.5,35.6,35.35,35.5,37000
2024-01-03,35.5,35.55,35.25,35.3,35000
2024-01-04,35.3,35.55,35.2,35.45,50000
2024-01-05,35.5,35.55,35.35,35.35,29000
2024-01-08,35.95,35.95,35.35,35.35,30000
2024-01-09,35.35,35.35,35.2,35.25,15000
2024-01-10,35.35,35.4,35.2,35.2,34000
2024-01-11,35.35,35.35,35.2,35.25,10000
2024-01-12,35.5,35.5,35.0,35.15,55000
2024-01-15,35.55,35.55,35.25,35.3,24000
2024-01-16,35.3,35.3,35.0,35.3,17000
2024-01-17,35.05,35.1,34.6,35.1,41000
2024-01-18,34.8,35.0,34.75,34.8,22000
2024-01-19,34.75,35.0,34.65,34.9,17000
2024-01-22,34.65,34.95,34.65,34.9,9000
2024-01-23,35.0,35.0,34.65,34.7,36000
2024-01-24,35.25,35.25,34.7,34.7,30000
2024-01-25,34.7,35.0,34.65,34.65,39000
2024-01-26,34.7,34.8,34.2,34.65,116000
2024-01-29,34.7,34.75,34.4,34.45,54000
2024-01-30,34.5,34.75,34.4,34.4,30000
2024-01-31,34.4,34.45,34.35,34.4,37000
2024-02-01,34.4,34.6,34.35,34.45,20000
2024-02-02,34.45,34.5,34.35,34.35,43000
2024-02-05,34.4,34.55,34.15,34.55,67000
2024-02-15,34.8,34.8,34.15,34.15,140000
2024-02-16,34.2,34.3,34.1,34.15,62000
2024-02-19,34.65,34.65,34.3,34.4,47000
2024-02-20,34.45,34.6,34.4,34.45,26000
2024-02-21,34.45,34.5,34.4,34.45,42000
2024-02-22,34.5,34.5,34.3,34.4,61000
2024-02-23,34.75,34.75,34.25,34.25,59000
2024-02-26,34.25,34.5,34.2,34.3,49000
2024-02-27,34.3,34.45,34.25,34.3,14000
2024-02-29,34.5,34.75,34.5,34.7,68000
2024-03-01,34.85,35.0,34.8,34.9,52000
2024-03-04,35.25,35.25,34.85,34.9,37000
2024-03-05,34.9,34.9,34.7,34.7,34000
2024-03-06,34.75,34.75,34.6,34.7,41000
2024-03-07,34.7,34.7,34.4,34.6,52000
2024-03-08,34.7,34.7,34.25,34.25,37000
2024-03-11,34.25,34.4,34.0,34.15,34000
2024-03-12,34.4,34.6,34.3,34.3,21000
2024-03-13,34.6,34.6,34.0,34.0,104000
2024-03-14,33.55,33.7,33.3,33.55,212000
2024-03-15,33.5,33.55,33.0,33.05,190000
2024-03-18,33.0,33.0,31.15,31.45,322000
2024-03-19,31.5,31.55,31.4,31.55,83000
2024-03-20,31.55,31.55,31.35,31.35,85000
2024-03-21,31.55,31.95,31.45,31.95,76000
2024-03-22,32.35,33.0,32.35,32.7,78000
2024-03-25,33.0,33.1,32.7,32.95,68000
2024-03-26,32.9,32.95,32.5,32.55,53000
2024-03-27,32.35,32.8,31.55,32.4,164000
2024-03-28,32.2,32.7,32.2,32.4,33000
2024-03-29,32.35,32.35,32.05,32.3,66000
2024-04-01,32.3,32.35,32.1,32.15,50000
2024-04-02,32.1,32.1,32.0,32.1,33000
2024-04-03,31.7,32.1,31.6,32.0,37000
2024-04-08,32.05,32.35,31.5,31.85,85000
2024-04-09,31.8,31.9,31.75,31.8,55000
2024-04-10,32.25,32.25,32.0,32.05,32000
2024-04-11,32.05,32.3,31.95,32.3,44000
2024-04-12,32.2,32.4,32.05,32.2,39000
2024-04-15,32.2,32.45,32.1,32.15,43000
2024-04-16,32.1,32.1,31.65,31.7,110000
2024-04-17,32.05,32.05,31.7,31.7,34000
2024-04-18,31.7,31.9,31.7,31.85,21000
2024-04-19,31.95,31.95,31.35,31.4,65000
2024-04-22,31.6,31.65,31.4,31.45,26000
2024-04-23,31.5,31.5,31.3,31.45,27000
2024-04-24,31.65,31.65,31.4,31.5,34000
2024-04-25,31.7,31.7,31.5,31.55,48000
2024-04-26,31.7,31.7,31.55,31.6,26000
2024-04-29,31.6,31.7,31.55,31.6,44000
2024-04-30,31.65,31.7,31.55,31.55,26000
2024-05-02,31.7,31.7,31.55,31.55,42000
2024-05-03,31.55,31.8,31.55,31.6,41000
2024-05-06,31.7,31.8,31.65,31.7,63000
2024-05-07,32.0,32.35,31.85,31.9,37000
2024-05-08,32.0,32.05,31.9,31.95,30000
2024-05-09,32.05,32.1,31.9,31.9,31000
2024-05-10,32.0,32.0,31.7,31.8,50000
2024-05-13,31.8,32.05,31.65,31.7,46000
2024-05-14,31.75,31.9,31.65,31.65,41000
2024-05-15,31.7,32.0,31.4,31.65,94000
2024-05-16,31.85,31.85,31.6,31.65,30000
2024-05-17,31.95,31.95,31.75,31.8,26000
2024-05-20,31.95,31.95,31.7,31.8,43000
2024-05-21,31.8,31.85,31.75,31.8,21000
2024-05-22,31.8,31.95,31.7,31.85,44000
2024-05-23,31.85,31.95,31.6,31.65,77000
2024-05-24,31.75,32.0,31.75,31.85,46000
2024-05-27,32.1,32.1,31.85,31.85,37000
2024-05-28,32.1,32.1,31.85,31.85,34000
2024-05-29,32.05,32.05,31.8,31.85,57000
2024-05-30,32.0,32.0,31.85,31.85,41000
2024-05-31,31.9,32.0,31.85,31.9,44000
2024-06-03,31.9,32.0,31.9,31.9,52000
2024-06-04,31.9,32.0,31.9,31.9,44000
2024-06-05,31.9,32.2,31.85,32.1,111000
2024-06-06,32.15,32.15,31.95,31.95,40000
2024-06-07,31.95,32.1,31.8,31.9,70000
2024-06-11,31.9,32.0,31.75,31.8,49000
2024-06-12,31.8,31.8,31.7,31.75,46000
2024-06-13,32.0,32.0,31.7,31.75,33000
2024-06-14,31.75,31.95,31.5,31.6,75000
2024-06-17,31.6,31.95,31.5,31.8,32000
2024-06-18,31.8,31.9,31.65,31.9,24000
2024-06-19,31.9,31.95,31.75,31.75,23000
2024-06-20,31.75,32.2,31.75,31.95,42000
2024-06-21,31.95,32.0,31.9,32.0,49000
2024-06-24,32.0,32.15,32.0,32.15,53000
2024-06-25,32.25,32.25,32.0,32.15,48000
2024-06-26,32.15,32.15,32.0,32.0,33000
2024-06-27,32.15,32.15,31.85,31.9,33000
2024-06-28,32.25,32.25,31.9,32.0,43000
2024-07-01,32.25,32.25,31.85,31.9,39000
2024-07-02,32.15,32.15,31.85,31.85,35000
2024-07-03,31.85,32.05,31.85,31.95,28000
2024-07-04,31.95,32.0,31.95,31.95,21000
2024-07-05,31.95,32.15,31.95,32.1,82000
2024-07-08,32.1,32.25,32.05,32.15,89000
2024-07-09,32.15,33.0,32.1,32.9,280000
2024-07-10,33.05,34.0,32.8,32.8,148000
2024-07-11,33.05,33.05,32.8,32.8,36000
2024-07-12,32.8,33.0,32.8,32.8,38000
2024-07-15,33.05,33.25,32.9,33.0,27000
2024-07-16,33.1,33.1,32.85,32.9,41000
2024-07-17,33.45,33.45,33.2,33.35,71000
2024-07-18,33.3,33.5,33.15,33.15,67000
2024-07-19,33.15,33.3,32.7,32.8,105000
2024-07-22,32.9,32.9,32.5,32.5,62000
2024-07-23,32.6,32.65,32.55,32.55,24000
2024-07-26,32.65,32.75,32.5,32.6,45000
2024-07-29,33.05,34.8,33.05,34.1,342000
2024-07-30,34.1,35.0,34.05,34.05,237000
2024-07-31,34.1,35.8,34.1,35.8,227000
2024-08-01,35.9,36.0,35.05,35.1,161000
2024-08-02,35.3,35.8,35.0,35.05,186000
2024-08-05,35.2,35.2,31.7,33.95,225000
2024-08-06,33.95,34.9,32.15,32.65,115000
2024-08-07,33.8,34.25,33.5,33.55,50000
2024-08-08,33.55,33.9,33.5,33.9,19000
2024-08-09,32.9,33.9,32.9,33.6,34000
2024-08-12,34.0,34.0,33.8,33.8,21000
2024-08-13,33.75,34.1,33.75,33.8,13000
2024-08-14,33.7,33.95,33.6,33.6,25000
2024-08-15,34.05,34.05,33.6,33.7,10000
2024-08-16,34.0,34.0,33.6,33.65,61000
2024-08-19,33.7,33.9,33.65,33.7,20000
2024-08-20,33.5,33.8,33.35,33.35,52000
2024-08-21,33.35,33.55,33.1,33.55,51000
2024-08-22,33.55,33.85,33.55,33.8,34000
2024-08-23,33.75,33.8,33.55,33.8,19000
2024-08-26,33.8,33.95,33.65,33.65,29000
2024-08-27,33.95,33.95,33.6,33.6,12000
2024-08-28,33.9,34.65,33.75,34.2,136000
2024-08-29,34.85,34.85,33.8,33.8,34000
2024-08-30,33.8,33.8,33.65,33.7,47000
2024-09-02,33.7,33.7,33.6,33.7,18000
2024-09-03,33.7,33.7,33.6,33.6,17000
2024-09-04,33.5,33.65,33.2,33.35,35000
2024-09-05,33.55,33.55,33.25,33.25,42000
2024-09-06,33.25,33.3,33.25,33.3,12000
2024-09-09,33.2,33.2,32.3,32.8,37000
2024-09-10,32.7,33.65,32.6,33.45,36000
2024-09-11,33.25,33.45,32.75,33.05,22000
2024-09-12,33.3,33.3,32.85,33.1,65000
2024-09-13,33.2,33.2,33.0,33.0,9000
2024-09-16,33.2,33.25,32.95,33.15,20000
2024-09-18,33.15,33.15,32.9,32.95,26000
2024-09-19,32.95,33.3,32.95,32.95,19000
2024-09-20,33.25,33.25,32.95,32.95,24000
2024-09-23,32.9,33.45,32.9,32.95,41000
2024-09-24,33.3,33.3,32.95,32.95,20000
2024-09-25,33.3,33.3,32.95,33.05,14000
2024-09-26,33.1,33.15,32.85,32.85,77000
2024-09-27,33.3,33.3,32.85,32.85,35000
2024-09-30,32.85,33.3,32.85,32.9,47000
2024-10-01,33.6,33.6,33.0,33.15,28000
2024-10-04,33.15,33.15,32.95,33.0,15000
2024-10-07,33.0,33.1,32.8,32.9,74000
2024-10-08,32.9,32.9,32.7,32.7,42000
2024-10-09,32.75,32.75,32.5,32.7,27000
2024-10-11,32.7,32.7,32.35,32.35,43000
2024-10-14,32.0,32.2,31.0,32.05,154000
2024-10-15,32.05,32.3,32.05,32.05,26000
2024-10-16,32.05,32.2,32.0,32.2,17000
2024-10-17,32.0,32.15,31.7,32.0,33000
2024-10-18,32.35,32.35,32.0,32.0,10000
2024-10-21,32.0,32.3,32.0,32.15,10000
2024-10-22,32.15,32.15,32.0,32.05,12000
2024-10-23,32.35,32.35,32.2,32.2,36000
2024-10-24,32.3,32.3,31.85,31.85,19000
2024-10-25,32.25,32.25,31.9,31.95,9000
2024-10-28,32.3,32.3,31.5,31.8,30000
2024-10-29,32.35,32.35,31.6,31.7,63000
2024-10-30,31.75,31.75,31.6,31.7,20000
2024-11-01,31.7,32.15,31.65,31.8,56000
2024-11-04,32.2,32.2,31.7,31.7,63000
2024-11-05,31.75,31.85,31.7,31.75,29000
2024-11-06,31.7,31.7,31.6,31.6,23000
2024-11-07,31.45,31.6,31.4,31.45,124000
2024-11-08,32.95,32.95,31.7,31.95,106000
2024-11-11,32.0,32.35,31.95,32.25,139000
2024-11-12,32.55,32.55,31.75,31.95,35000
2024-11-13,32.3,32.3,31.9,31.95,23000
2024-11-14,31.95,31.95,31.8,31.9,19000
2024-11-15,32.75,32.75,32.0,32.2,41000
2024-11-18,32.2,32.25,32.05,32.15,59000
2024-11-19,32.2,32.2,32.0,32.2,23000
2024-11-20,32.1,32.1,31.95,31.95,30000
2024-11-21,32.15,32.15,31.9,32.1,8000
2024-11-22,32.15,32.2,31.95,32.15,36000
2024-11-25,32.15,32.2,32.1,32.2,18000
2024-11-26,32.05,32.15,31.9,32.1,10000
2024-11-27,32.1,32.15,31.9,31.95,16000
2024-11-28,31.75,31.85,31.7,31.85,15000
2024-11-29,31.6,31.95,31.6,31.9,6000
2024-12-02,31.8,32.4,31.8,32.3,24000
2024-12-03,31.9,32.05,31.8,31.9,43000
2024-12-04,31.8,31.85,31.8,31.8,29000
2024-12-05,31.8,31.95,31.8,31.8,18000
2024-12-06,31.8,31.9,31.7,31.8,17000
2024-12-09,31.6,31.6,31.1,31.4,43000
2024-12-10,31.4,31.4,31.0,31.2,58000
2024-12-11,31.2,32.75,31.15,31.65,47000
2024-12-12,31.95,32.15,31.6,31.75,55000
2024-12-13,31.75,31.75,31.45,31.5,18000
2024-12-16,31.65,31.65,31.1,31.1,23000
2024-12-17,31.1,31.4,31.05,31.4,16000
2024-12-18,31.55,31.55,31.0,31.1,27000
2024-12-19,31.25,31.25,31.0,31.0,25000
2024-12-20,31.4,31.4,31.0,31.0,17000
2024-12-23,31.0,31.5,31.0,31.05,11000
2024-12-24,31.3,31.3,31.05,31.15,8000
2024-12-25,31.75,31.75,30.95,31.05,26000
2024-12-26,31.6,31.6,30.65,31.1,27000
2024-12-27,31.2,31.2,30.7,30.95,30000
2024-12-30,31.5,31.5,30.9,30.9,4000
2024-12-31,30.65,30.65,30.45,30.6,43000
2025-01-02,30.5,30.5,30.2,30.4,45000
2025-01-03,30.25,30.25,29.95,30.15,59000
2025-01-06,29.8,30.2,29.8,30.2,36000
2025-01-07,30.3,30.3,30.1,30.25,14000
2025-01-08,30.3,30.3,30.1,30.15,10000
2025-01-09,30.15,30.15,29.95,30.0,36000
2025-01-10,30.0,30.15,29.8,29.95,22000
2025-01-13,29.8,29.95,28.95,29.35,41000
2025-01-14,29.45,29.75,29.4,29.5,35000
2025-01-15,28.8,29.3,28.7,28.9,79000
2025-01-16,28.9,29.7,28.9,29.0,33000
2025-01-17,28.85,29.45,28.7,28.75,60000
2025-01-20,29.7,29.7,28.75,28.95,34000
2025-01-21,29.35,29.85,28.95,29.0,32000
2025-01-22,29.5,29.8,29.0,29.0,18000
2025-02-03,29.0,30.0,28.85,29.3,44000
2025-02-04,29.2,29.65,29.05,29.65,21000
2025-02-05,29.65,29.8,29.65,29.8,17000
2025-02-06,29.75,29.95,29.75,29.9,12000
2025-02-07,29.95,29.95,29.7,29.9,16000
2025-02-10,30.3,30.4,30.25,30.25,26000
2025-02-11,30.85,30.85,30.35,30.4,20000
2025-02-12,30.8,30.8,30.45,30.55,17000
2025-02-13,30.8,30.8,30.45,30.5,32000
2025-02-14,30.5,30.7,30.45,30.55,9000
2025-02-17,30.6,30.6,30.4,30.4,34000
2025-02-18,30.7,30.7,30.4,30.5,13000
2025-02-19,30.5,30.5,30.4,30.5,18000
2025-02-20,30.65,30.65,30.6,30.6,4000
2025-02-21,30.6,30.6,30.35,30.55,26000
2025-02-24,30.6,30.9,30.6,30.8,22000
2025-02-25,30.8,30.8,30.55,30.55,29000
2025-02-26,30.8,30.8,30.65,30.65,9000
2025-02-27,30.85,30.85,30.75,30.75,5000
2025-03-03,30.75,30.9,30.7,30.75,24000
2025-03-04,30.9,30.9,30.5,30.5,22000
2025-03-05,30.5,30.55,30.3,30.55,12000
2025-03-06,30.5,30.55,30.2,30.2,36000
2025-03-07,30.2,30.3,30.2,30.3,6000
2025-03-10,30.25,30.4,30.25,30.25,11000
2025-03-11,30.1,30.9,30.1,30.2,19000
2025-03-12,30.15,30.2,30.15,30.15,19000
2025-03-13,30.05,30.5,30.05,30.05,18000
2025-03-14,30.0,30.05,29.95,29.95,25000
2025-03-17,29.95,30.3,29.9,30.0,44000
2025-03-18,30.4,30.4,30.05,30.1,11000
2025-03-19,30.0,30.0,29.95,29.95,22000
2025-03-20,30.0,30.65,29.95,30.65,38000
2025-03-21,30.8,30.9,30.7,30.7,7000
2025-03-24,30.3,30.3,30.0,30.0,27000
2025-03-25,29.95,30.45,29.9,30.25,20000
2025-03-26,30.35,30.75,30.25,30.3,37000
2025-03-27,30.4,30.65,30.25,30.25,29000
2025-03-28,30.3,30.3,29.7,30.0,33000
2025-03-31,29.3,29.7,29.2,29.2,41000
2025-04-01,29.2,29.2,28.4,29.1,48000
2025-04-02,29.2,29.2,29.0,29.2,13000
2025-04-07,26.3,26.3,26.3,26.3,49000
2025-04-08,23.7,24.9,23.7,24.65,121000
2025-04-09,24.55,26.9,22.2,26.9,132000
2025-04-10,29.0,29.55,28.5,28.5,168000
2025-04-11,29.0,29.0,27.95,28.15,29000
2025-04-14,28.5,28.5,28.0,28.0,27000
2025-04-15,29.05,29.05,27.7,28.15,14000
2025-04-16,28.95,28.95,28.2,28.2,11000
2025-04-17,27.3,28.75,27.3,28.2,7000
2025-04-18,28.35,28.65,28.2,28.2,7000
2025-04-21,28.4,28.4,28.0,28.0,13000
2025-04-22,28.0,28.9,27.1,28.25,26000
2025-04-23,28.75,28.8,27.5,28.1,14000
2025-04-24,27.75,28.25,27.75,28.25,11000
2025-04-25,28.25,28.25,28.15,28.15,20000
2025-04-28,28.0,28.35,28.0,28.05,17000
2025-04-29,28.05,28.4,28.05,28.3,14000
2025-04-30,28.4,28.6,28.2,28.2,18000
2025-05-02,28.3,28.85,28.1,28.85,29000
2025-05-05,31.6,31.6,29.0,29.2,179000
2025-05-06,29.4,29.4,29.05,29.05,41000
2025-05-07,29.15,29.15,29.0,29.0,18000
2025-05-08,29.4,29.4,29.0,29.1,16000
2025-05-09,29.0,29.1,28.95,29.0,31000
2025-05-12,29.0,29.2,29.0,29.0,7000
2025-05-13,29.0,29.5,28.9,28.9,58000
2025-05-14,29.25,29.25,28.9,29.0,19000
2025-05-15,29.15,29.15,28.9,28.9,32000
2025-05-16,29.0,29.2,28.9,29.0,22000
2025-05-19,29.15,29.15,28.85,28.85,28000
2025-05-20,29.55,29.55,28.8,28.8,29000
2025-05-21,29.05,29.05,28.75,28.8,14000
2025-05-22,29.55,29.6,28.85,28.85,11000
2025-05-23,29.2,29.2,29.0,29.0,10000
2025-05-26,29.0,29.0,28.85,28.85,15000
2025-05-27,28.8,29.2,28.8,28.8,21000
2025-05-28,29.25,29.25,29.0,29.0,12000
2025-05-29,28.8,29.2,28.8,29.0,30000
2025-06-02,29.0,29.05,28.7,29.05,41000
2025-06-03,29.05,29.05,29.0,29.0,18000
2025-06-04,29.1,29.5,28.95,29.05,60000
2025-06-05,29.0,29.2,29.0,29.05,27000
2025-06-06,29.05,29.1,28.9,28.95,19000
2025-06-09,29.2,29.5,29.0,29.25,33000
2025-06-10,29.2,29.85,28.0,29.05,195000
2025-06-11,29.5,30.7,29.45,29.7,132000
2025-06-12,29.7,30.35,29.55,29.55,46000
2025-06-13,29.55,29.7,29.0,29.0,47000
2025-06-16,29.2,29.2,29.0,29.0,5000
2025-06-17,28.8,29.55,28.8,28.95,47000
2025-06-18,29.9,29.9,29.3,29.3,18000
2025-06-19,29.2,29.55,28.9,29.1,24000
2025-06-20,29.6,29.6,29.1,29.1,8000
2025-06-23,28.5,29.25,28.5,28.75,12000
2025-06-24,28.8,29.25,28.75,29.25,39000
2025-06-25,29.3,29.35,28.95,29.25,26000
2025-06-26,30.15,30.9,29.65,30.05,94000
2025-06-27,30.0,30.55,29.7,30.35,41000
2025-06-30,30.5,30.5,29.8,29.85,23000
2025-07-01,30.05,30.05,29.55,29.7,7000
2025-07-02,30.15,30.15,29.5,29.5,9000
2025-07-03,29.5,29.5,29.25,29.25,12000
2025-07-04,29.5,30.0,29.5,30.0,22000
2025-07-07,30.35,30.35,29.3,29.4,7000
2025-07-08,29.7,30.6,29.1,29.95,46000
2025-07-09,29.95,30.45,29.75,29.95,44000
2025-07-10,30.25,30.4,30.05,30.1,51000
2025-07-11,30.1,31.2,30.1,30.95,88000
2025-07-14,30.85,31.7,30.4,31.45,101000
2025-07-15,31.7,32.45,31.45,32.45,108000
2025-07-16,32.45,32.95,31.95,32.15,66000
2025-07-17,32.0,32.9,31.9,32.9,95000
2025-07-18,32.9,33.2,32.55,33.0,91000
2025-07-21,32.95,33.4,32.7,32.7,31000
2025-07-22,32.5,33.2,31.9,32.75,65000
2025-07-23,32.75,33.2,32.0,32.55,93000
2025-07-24,32.5,32.5,32.0,32.0,5000
2025-07-25,31.65,32.9,31.65,32.7,53000
2025-07-28,32.7,33.3,32.5,33.15,46000
2025-07-29,33.2,33.3,32.7,33.2,43000
2025-07-30,33.2,33.45,32.65,32.8,46000
2025-07-31,33.3,33.3,32.5,32.7,8000
2025-08-01,32.7,33.45,32.0,32.8,99000
2025-08-04,32.8,33.0,32.5,33.0,24000
2025-08-05,32.8,33.55,32.6,33.35,64000
2025-08-06,33.3,33.5,33.0,33.2,21000
2025-08-07,33.15,33.5,32.85,33.05,43000
2025-08-08,33.35,33.5,32.65,33.3,67000
2025-08-11,32.9,32.9,32.25,32.25,37000
2025-08-12,32.25,33.0,31.5,32.6,75000
2025-08-13,32.2,32.45,32.1,32.1,13000
2025-08-14,32.0,32.7,31.6,32.0,56000
2025-08-15,32.0,32.0,31.3,31.6,26000
2025-08-18,31.2,32.0,31.2,32.0,41000
2025-08-19,31.95,32.1,31.2,31.6,25000
2025-08-20,31.95,33.5,31.6,32.9,114000
2025-08-21,32.85,33.5,31.2,33.1,154000
2025-08-22,32.3,32.85,32.0,32.0,33000
2025-08-25,32.0,32.0,31.05,31.2,54000
2025-08-26,31.6,31.9,30.5,31.5,23000
2025-08-27,31.75,32.0,31.7,32.0,7000
2025-08-28,31.95,32.35,31.45,31.75,50000
2025-08-29,31.75,33.0,31.6,32.05,98000
2025-09-01,32.05,32.05,32.0,32.0,2000
2025-09-02,32.0,33.5,31.9,33.0,92000
2025-09-03,33.0,33.0,32.1,32.1,12000
2025-09-04,32.1,32.1,31.45,31.45,23000
2025-09-05,31.1,31.45,31.1,31.15,12000
2025-09-08,31.2,31.2,30.55,30.65,17000
2025-09-09,30.7,30.7,30.5,30.55,17000
2025-09-10,30.5,30.5,30.35,30.45,11000
2025-09-11,30.3,30.3,29.7,29.9,44000
2025-09-12,30.4,30.4,29.75,30.25,5000
2025-09-15,30.55,30.55,30.1,30.45,4000
2025-09-16,30.4,30.4,30.0,30.0,9000
2025-09-17,30.0,30.0,29.6,30.0,40000
2025-09-18,30.5,30.9,30.1,30.6,16000
2025-09-19,30.8,30.8,30.05,30.45,6000
2025-09-22,30.3,30.3,29.95,30.15,22000
2025-09-23,29.65,29.75,29.35,29.75,25000
2025-09-24,29.0,29.95,29.0,29.95,25000
2025-09-25,29.25,30.5,29.25,29.35,60000
2025-09-26,29.8,29.8,29.0,29.25,26000
2025-09-30,29.45,29.45,28.75,28.9,56000
2025-10-01,29.5,29.5,28.6,28.6,30000
2025-10-02,29.55,29.55,28.5,28.6,17000
2025-10-03,28.8,28.8,28.8,28.8,2000
2025-10-07,28.4,28.5,28.15,28.3,30000
2025-10-08,28.3,28.3,27.7,27.95,40000
2025-10-09,27.8,28.45,27.8,28.1,12000
2025-10-13,27.25,28.9,27.0,28.9,56000
2025-10-14,28.2,28.6,28.2,28.35,21000
2025-10-15,28.1,28.55,28.1,28.4,17000
2025-10-16,28.35,28.35,28.1,28.15,128000
2025-10-17,28.1,28.1,27.95,28.05,87000
2025-10-20,27.6,29.8,27.6,29.8,72000
2025-10-21,29.35,29.35,28.55,28.95,19000
2025-10-22,29.8,29.8,28.95,29.0,19000
2025-10-23,29.0,29.4,28.8,28.85,11000
2025-10-27,28.85,29.15,28.6,28.9,16000
2025-10-28,28.25,29.15,28.25,28.75,13000
2025-10-29,29.1,29.1,28.4,28.65,9000
2025-10-30,28.15,28.65,28.1,28.6,17000
2025-10-31,28.95,28.95,28.0,28.7,18000
2025-11-03,28.25,28.25,27.7,27.9,19000
2025-11-04,27.6,27.6,27.35,27.55,10000
2025-11-05,27.25,28.45,27.2,28.0,6000
2025-11-06,27.4,27.5,27.35,27.5,11000
2025-11-07,27.4,27.5,27.35,27.5,6000
2025-11-10,27.5,28.25,27.3,27.55,12000
2025-11-11,27.55,27.55,27.25,27.25,8000
2025-11-12,27.25,27.4,27.1,27.2,35000
2025-11-13,27.2,27.2,26.85,26.9,28000
2025-11-14,26.9,27.35,26.9,27.25,20000
2025-11-17,26.85,27.75,26.7,27.5,16000
2025-11-18,27.9,27.9,27.0,27.0,26000
2025-11-19,26.65,27.7,26.65,26.75,39000
2025-11-20,27.45,27.9,26.55,27.1,27000
2025-11-21,27.55,27.55,26.7,27.1,15000
2025-11-24,26.9,27.15,26.7,26.7,20000
2025-11-25,26.7,27.05,26.7,26.9,11000
2025-11-26,26.75,27.3,26.45,27.05,39000
2025-11-27,27.3,27.9,26.5,26.6,25000
2025-11-28,27.2,27.2,26.7,26.75,8000
2025-12-01,26.65,26.65,26.15,26.3,41000
2025-12-02,26.3,26.5,26.1,26.2,21000
2025-12-03,26.15,26.2,26.15,26.2,15000
2025-12-04,26.15,26.5,26.0,26.5,16000
2025-12-05,26.2,26.4,26.1,26.4,9000
2025-12-08,26.4,26.4,26.15,26.3,15000
2025-12-09,26.3,26.3,26.1,26.1,11000
2025-12-10,25.8,26.0,25.1,25.95,82000
2025-12-11,26.0,26.0,25.4,25.5,40000
2025-12-12,25.55,25.9,25.5,25.7,10000
2025-12-15,25.6,25.9,25.35,25.8,17000
2025-12-16,25.8,25.8,25.35,25.6,12000
2025-12-17,26.4,26.4,25.6,25.7,10000
2025-12-18,25.65,26.2,25.6,25.8,13000
2025-12-19,25.75,26.2,25.7,25.8,16000
2025-12-22,25.75,26.3,25.55,26.05,17000
2025-12-23,25.8,26.0,25.3,25.75,23000
2025-12-24,25.5,26.1,25.35,26.1,30000
2025-12-26,26.1,26.4,25.2,26.35,70000
2025-12-29,25.85,28.0,25.75,27.6,117000
2025-12-30,27.6,30.35,26.8,30.35,320000
2025-12-31,29.8,31.0,29.05,31.0,236000
2026-01-02,30.2,30.3,29.9,29.95,47000
2026-01-05,29.95,29.95,29.0,29.0,39000
2026-01-06,28.95,28.95,28.25,28.4,20000
2026-01-07,28.3,28.3,28.15,28.2,16000
2026-01-08,28.2,28.9,28.1,28.1,23000
2026-01-09,28.1,28.65,28.1,28.25,15000
2026-01-12,28.25,28.85,28.15,28.15,24000
2026-01-13,28.1,28.1,27.7,27.7,34000
2026-01-14,27.65,28.0,27.65,27.7,27000
2026-01-15,27.5,27.85,27.4,27.5,44000
2026-01-16,27.2,27.6,27.05,27.5,24000
2026-01-19,27.5,27.85,27.5,27.7,30000
2026-01-20,27.55,27.65,27.1,27.3,35000
2026-01-21,27.45,27.5,27.25,27.25,15000
2026-01-22,27.2,27.25,27.15,27.2,17000
2026-01-23,27.25,27.25,27.0,27.2,11000
2026-01-26,27.0,27.2,27.0,27.2,26000
2026-01-27,27.2,27.35,27.0,27.35,10000
2026-01-28,27.35,27.35,27.0,27.1,22000
2026-01-29,27.1,27.1,27.0,27.05,13000
2026-01-30,27.05,27.05,26.75,26.8,41000
2026-02-02,26.5,26.5,26.15,26.15,25000
2026-02-03,26.15,26.65,26.0,26.65,29000
2026-02-04,26.2,26.2,26.15,26.2,8000
2026-02-05,26.2,26.6,26.1,26.6,13000
2026-02-06,26.7,26.7,26.0,26.05,21000
2026-02-09,26.05,26.1,26.0,26.05,18000
2026-02-10,26.1,26.85,26.1,26.25,18000
2026-02-11,25.65,26.3,25.65,26.05,25000
2026-02-23,26.65,28.65,26.65,28.65,235000
2026-02-24,28.7,30.5,28.7,29.8,290000
2026-02-25,29.8,29.9,29.1,29.4,91000
2026-02-26,28.5,29.45,28.2,28.4,111000
2026-03-02,27.8,28.0,27.45,27.75,56000
2026-03-03,27.75,27.75,27.4,27.5,72000
2026-03-04,28.2,28.2,26.5,26.8,70000
2026-03-05,26.8,26.8,26.65,26.7,15000
2026-03-06,26.8,27.1,26.8,27.0,21000
2026-03-09,27.0,27.0,26.0,26.15,50000
2026-03-10,26.2,26.2,25.95,26.05,73000
2026-03-11,26.1,26.15,26.0,26.15,55000
2026-03-12,26.15,26.3,26.0,26.15,45000
2026-03-13,25.9,26.1,25.9,25.95,45000
2026-03-16,26.75,26.75,26.0,26.05,15000
2026-03-17,26.0,26.05,25.85,25.85,66000
2026-03-18,26.0,26.15,25.95,25.95,21000
2026-03-19,26.6,26.6,25.7,25.8,43000
2026-03-20,25.6,26.05,25.35,25.9,23000
2026-03-23,25.6,26.25,25.35,25.85,34000
2026-03-24,25.6,26.1,25.45,25.85,25000
2026-03-25,25.9,26.0,25.7,25.9,6000
2026-03-26,25.9,26.4,25.75,25.9,27000
2026-03-27,25.8,26.0,25.7,26.0,13000
2026-03-30,25.9,26.15,25.6,25.8,21000
2026-03-31,25.45,25.7,25.35,25.7,34000
2026-04-01,25.7,25.9,25.7,25.9,8000
2026-04-02,25.65,25.65,25.5,25.5,7000
2026-04-07,25.35,25.35,25.35,25.35,9000
2026-04-08,25.4,25.75,25.4,25.4,17000
2026-04-09,25.4,25.4,25.1,25.2,37000
2026-04-10,25.55,25.55,25.1,25.4,28000
2026-04-13,25.5,25.65,25.5,25.6,17000
2026-04-14,26.0,26.0,25.3,25.45,69000
2026-04-15,25.45,25.45,25.35,25.35,35000
2026-04-16,25.5,25.65,25.1,25.35,45000
2026-04-17,25.3,25.6,25.3,25.4,29000
2026-04-20,25.7,25.7,25.05,25.1,65000
2026-04-21,25.1,25.35,25.0,25.2,44000
2026-04-22,25.4,25.5,25.1,25.15,51000
2026-04-23,25.65,27.25,25.25,25.45,135000
2026-04-24,25.7,25.95,25.1,25.2,41000
2026-04-27,25.2,25.3,24.95,25.1,55000
2026-04-28,25.1,25.6,25.0,25.15,22000
2026-04-29,25.0,25.55,25.0,25.25,20000
2026-04-30,24.95,25.2,24.95,25.15,33000
2026-05-04,25.0,25.15,24.95,25.0,43000
2026-05-05,25.1,25.1,24.35,24.95,48000
2026-05-06,25.0,25.0,24.65,24.75,40000
2026-05-07,24.75,24.75,24.45,24.75,82000
2026-05-08,24.75,24.75,24.4,24.75,45000
2026-05-11,24.65,24.65,24.35,24.45,51000
2026-05-12,24.55,24.55,24.3,24.4,25000
2026-05-13,24.05,24.2,23.9,24.2,53000
2026-05-14,24.25,24.25,23.7,23.95,62000
2026-05-15,23.7,24.1,23.5,23.85,73000
2026-05-18,23.35,23.95,23.0,23.45,108000
2026-05-19,23.4,23.6,23.4,23.5,28000
2026-05-20,23.65,23.8,23.5,23.65,27000
2026-05-21,24.0,24.0,23.4,23.6,49000
2026-05-22,23.6,24.6,23.3,23.5,52000
2026-05-25,23.35,23.45,23.1,23.35,51000
2026-05-26,23.1,23.5,23.1,23.5,40000
2026-05-27,23.2,23.75,23.0,23.0,72000
2026-05-28,23.1,23.2,23.0,23.1,58000
2026-05-29,23.25,24.5,23.25,23.7,94000
2026-06-01,23.4,23.6,23.3,23.5,93000
2026-06-02,23.45,24.0,23.45,23.8,100000
2026-06-03,23.95,24.05,23.6,24.05,96000
2026-06-04,24.0,24.0,23.55,23.8,81000
2026-06-05,24.0,24.2,23.75,24.15,44000
2026-06-08,23.6,23.75,23.55,23.7,53000
2026-06-09,23.75,23.9,23.7,23.85,24000
2026-06-10,23.7,23.7,23.25,23.25,81000
2026-06-11,23.3,23.35,23.1,23.2,25000
2026-06-12,23.5,23.5,23.3,23.45,19000
2026-06-15,23.35,23.45,23.35,23.45,34000
2026-06-16,23.35,23.5,23.25,23.45,68000
2026-06-17,23.3,23.35,23.25,23.35,34000
2026-06-18,23.3,23.5,23.25,23.4,118000
2026-06-22,23.35,23.4,23.1,23.3,114000
2026-06-23,23.2,23.3,22.85,23.3,122000
2026-06-24,23.25,23.35,23.15,23.3,27000
2026-06-25,23.35,23.35,23.1,23.3,76000
2026-06-26,23.5,23.5,23.05,23.3,48000
2026-06-29,23.9,23.9,23.3,23.35,58000
2026-06-30,23.6,23.8,23.35,23.7,70000
2026-07-01,23.7,23.7,23.4,23.55,42000
2026-07-02,23.2,23.65,23.2,23.5,25000
2026-07-03,23.7,23.95,23.55,23.6,183000
2026-07-06,23.6,24.9,23.6,24.45,196000
2026-07-07,24.3,24.3,23.75,23.85,74000
2026-07-08,23.45,23.55,23.2,23.5,87000
2026-07-09,23.3,23.35,22.5,23.2,83000
2026-07-13,23.2,23.2,22.7,23.15,78000
2026-07-14,23.15,23.2,22.75,23.0,56000
2026-07-15,22.9,23.05,22.8,23.05,71000
2026-07-16,23.0,23.5,22.9,23.45,41000
2026-07-17,23.3,23.35,22.95,23.0,43000
2026-07-20,23.05,23.35,22.5,22.65,167000
2026-07-21,22.9,23.0,22.8,22.95,18000
2026-07-22,22.7,22.95,22.7,22.95,52000
2026-07-23,22.8,22.85,22.6,22.75,35000
2026-07-24,22.95,23.6,22.6,23.5,136000
2026-07-27,23.0,24.35,23.0,24.25,80000
2026-07-28,23.55,24.8,23.3,24.4,100000
2026-07-29,24.1,24.8,23.55,24.4,97000
2026-07-30,24.3,24.9,23.7,23.9,39000
2026-07-31,24.4,24.5,23.9,24.15,49000
2026-08-03,24.2,24.4,23.8,24.1,23000
2026-08-04,24.0,24.0,23.6,23.75,14000
2026-08-05,23.7,23.85,23.6,23.65,16000
2026-08-06,23.8,24.0,23.55,23.8,9000
2026-08-07,23.5,23.8,23.5,23.8,13000
2026-08-10,23.7,23.7,23.45,23.6,29000
2026-08-11,23.8,23.9,23.6,23.85,28000
2026-08-12,23.85,23.85,23.55,23.8,13000
2026-08-13,23.65,24.0,23.6,23.75,30000
2026-08-14,23.6,23.6,23.45,23.45,25000
2026-08-17,23.4,23.4,23.3,23.35,12000
2026-08-18,23.1,23.4,23.0,23.15,33000
2026-08-19,23.0,23.4,23.0,23.25,24000
2026-08-20,23.35,23.35,23.0,23.0,20000
2026-08-21,23.15,23.35,23.05,23.05,22000
2026-08-24,23.05,23.25,22.9,23.1,12000
2026-08-25,23.1,23.35,23.0,23.1,10000
2026-08-26,23.1,23.15,22.85,23.05,18000
2026-08-27,23.1,23.1,22.9,23.0,30000
2026-08-28,23.0,23.2,22.95,23.1,26000
2026-08-31,23.1,23.1,22.8,22.9,40000
2026-09-01,23.0,23.0,22.85,22.95,14000
2026-09-02,22.9,22.95,22.9,22.9,8000
2026-09-03,22.8,23.15,22.75,23.05,15000
2026-09-04,23.05,23.1,22.8,22.9,27000
2026-09-07,22.8,23.0,22.8,23.0,27000
2026-09-08,22.95,23.0,22.8,22.95,10000
2026-09-09,22.95,23.2,22.8,23.0,15000
2026-09-10,23.0,23.25,22.8,23.25,14000
2026-09-11,23.4,23.55,23.1,23.5,57000
2026-09-14,23.3,23.75,23.3,23.65,40000
2026-09-15,23.5,23.6,23.45,23.45,19000
2026-09-16,23.1,23.1,22.75,22.9,24000
2026-09-17,23.55,23.55,23.0,23.1,9000
2026-09-18,23.15,23.15,23.1,23.1,12000
2026-09-21,23.1,23.2,22.9,23.2,18000
2026-09-22,23.4,23.4,23.0,23.1,20000
2026-09-23,23.25,23.25,23.1,23.1,8000
2026-09-24,23.25,23.25,23.0,23.05,5000
2026-09-29,23.2,23.25,23.0,23.0,5000
2026-09-30,23.2,23.2,22.9,23.05,14000
2026-10-01,23.1,23.1,22.9,23.1,33000
