date,open,high,low,close,volume
2020-01-02,112.5,113.0,111.5,112.5,2797693
2020-01-03,112.5,112.5,112.0,112.5,4297975
2020-01-06,112.0,112.0,110.5,110.5,4203858
2020-01-07,110.5,111.0,109.0,109.5,11932990
2020-01-08,109.5,110.0,108.5,109.5,6059571
2020-01-09,109.5,110.5,109.0,110.0,4924412
2020-01-10,110.0,110.0,109.5,109.5,3697896
2020-01-13,109.5,110.0,108.0,109.0,13509666
2020-01-14,108.5,109.0,108.0,108.5,5593979
2020-01-15,108.5,108.5,107.5,108.0,7583824
2020-01-16,108.0,108.5,107.5,108.0,4056168
2020-01-17,108.0,109.0,108.0,109.0,3290668
2020-01-20,109.0,109.0,108.5,108.5,2866907
2020-01-30,108.5,109.0,107.0,107.0,9538226
2020-01-31,107.0,108.5,107.0,107.0,6893194
2020-02-03,107.0,108.0,107.0,108.0,3786612
2020-02-04,114.0,114.5,107.5,107.5,3209736
2020-02-05,107.5,108.5,107.5,108.0,4594312
2020-02-06,108.5,109.0,108.0,108.5,3477076
2020-02-07,108.5,108.5,107.5,107.5,3251917
2020-02-10,108.0,108.0,107.5,108.0,3426491
2020-02-11,108.0,108.5,107.5,107.5,2712988
2020-02-12,107.5,108.0,107.0,107.0,7132170
2020-02-13,107.5,108.0,107.5,108.0,2611001
2020-02-14,108.0,109.0,107.5,109.0,2201294
2020-02-17,108.5,109.5,108.5,109.5,2302888
2020-02-18,109.5,109.5,108.5,108.5,3847643
2020-02-19,109.0,109.5,108.5,108.5,3114523
2020-02-20,109.0,109.5,108.5,108.5,4392107
2020-02-21,109.0,109.0,108.0,108.5,3985815
2020-02-24,108.0,108.5,106.5,106.5,10409416
2020-02-25,106.5,107.0,106.0,106.5,4708502
2020-02-26,106.0,106.5,105.0,105.5,7730537
2020-02-27,105.0,105.5,105.0,105.0,5159121
2020-03-02,104.5,104.5,102.5,103.0,10591409
2020-03-03,103.5,104.5,103.0,104.5,5190224
2020-03-04,104.0,107.0,104.0,107.0,5308465
2020-03-05,107.0,108.5,107.0,108.5,4649568
2020-03-06,107.5,107.5,105.0,106.0,6259884
2020-03-09,104.5,104.5,103.5,104.0,6704491
2020-03-10,103.0,106.5,103.0,106.0,6513824
2020-03-11,105.5,105.5,104.5,105.5,4511865
2020-03-12,104.5,105.5,103.5,105.5,6640280
2020-03-13,103.0,105.0,99.19999694824219,105.0,11906875
2020-03-16,104.5,104.5,103.0,103.5,4853727
2020-03-17,102.0,104.5,101.0,103.0,10298482
2020-03-18,102.5,102.5,99.80000305175781,101.0,11731057
2020-03-19,98.5,101.0,97.80000305175781,100.0,10029881
2020-03-20,100.5,101.5,99.80000305175781,99.9000015258789,12596060
2020-03-23,98.30000305175781,99.30000305175781,98.0,98.0,6926534
2020-03-24,98.0999984741211,100.5,98.0,98.69999694824219,8145744
2020-03-25,99.30000305175781,102.0,99.30000305175781,102.0,5358801
2020-03-26,102.0,102.5,100.5,100.5,4218637
2020-03-27,102.0,102.0,100.5,101.5,8286259
2020-03-30,100.0,101.0,99.5,100.0,4391956
2020-03-31,100.5,101.0,99.5,99.9000015258789,5206380
2020-04-01,99.69999694824219,99.80000305175781,98.0999984741211,98.0999984741211,7186030
2020-04-06,98.4000015258789,101.0,98.30000305175781,101.0,5379941
2020-04-07,101.5,102.5,101.0,102.5,6128088
2020-04-08,102.0,103.5,101.5,103.5,5399794
2020-04-09,103.5,104.0,103.0,104.0,4527740
2020-04-10,104.0,104.5,103.5,104.5,2295137
2020-04-13,104.5,105.0,104.0,104.0,2257974
2020-04-14,104.0,106.5,104.0,106.0,4659570
2020-04-15,106.0,107.0,106.0,106.5,4164973
2020-04-16,106.0,107.0,105.5,105.5,4452271
2020-04-17,106.0,107.5,106.0,106.0,3853859
2020-04-20,106.0,107.0,106.0,107.0,2694791
2020-04-21,106.5,107.0,106.0,106.0,4537835
2020-04-22,105.5,106.0,105.0,106.0,2365386
2020-04-23,106.0,106.5,104.5,105.5,3088110
2020-04-24,106.0,106.5,105.5,106.0,2064120
2020-04-27,107.0,108.0,107.0,108.0,3458968
2020-04-28,108.0,108.0,107.0,108.0,2553944
2020-04-29,107.0,107.5,106.5,106.5,4875198
2020-04-30,107.0,108.0,106.5,107.5,4142100
2020-05-04,105.5,108.0,105.0,108.0,6103029
2020-05-05,107.5,108.0,107.5,107.5,2665957
2020-05-06,107.5,107.5,107.0,107.0,3716509
2020-05-07,107.5,108.0,107.0,107.5,1259605
2020-05-08,107.5,108.5,107.5,107.5,2495770
2020-05-11,108.5,108.5,108.0,108.0,1690471
2020-05-12,107.5,108.0,107.0,107.0,2067017
2020-05-13,108.0,108.0,107.5,107.5,1861116
2020-05-14,107.5,107.5,107.0,107.0,1714338
2020-05-15,108.0,108.0,107.0,107.5,1802532
2020-05-18,107.0,108.0,107.0,107.5,3300171
2020-05-19,108.5,108.5,107.5,108.0,2929001
2020-05-20,108.0,108.5,107.5,107.5,2671887
2020-05-21,108.0,108.0,107.0,107.5,4041182
2020-05-22,107.5,108.0,106.5,106.5,2895207
2020-05-25,107.0,107.5,106.0,107.5,2630375
2020-05-26,107.5,108.0,107.0,107.5,2244451
2020-05-27,107.5,108.0,107.0,107.5,2495650
2020-05-28,107.5,107.5,107.0,107.5,2809452
2020-05-29,107.0,107.5,106.0,107.5,10176301
2020-06-01,107.5,108.0,106.5,106.5,5557707
2020-06-02,107.0,107.0,106.0,107.0,6177500
2020-06-03,107.0,108.5,107.0,108.5,4476015
2020-06-04,108.0,108.5,107.5,108.0,3014415
2020-06-05,108.0,108.5,107.5,107.5,3137140
2020-06-08,108.0,108.5,107.5,108.5,3071552
2020-06-09,108.0,108.5,107.5,107.5,2728445
2020-06-10,108.0,108.5,107.5,108.5,3046501
2020-06-11,108.0,108.5,107.0,107.5,3932442
2020-06-12,107.0,108.0,107.0,107.5,3548709
2020-06-15,107.5,108.0,106.0,106.0,5426823
2020-06-16,107.0,108.5,107.0,107.5,3999538
2020-06-17,107.5,108.0,107.5,108.0,3384557
2020-06-18,108.0,108.5,107.0,107.5,3352392
2020-06-19,107.5,108.5,106.5,107.0,11072114
2020-06-22,107.5,108.0,107.0,107.5,2459829
2020-06-23,107.5,108.0,107.0,107.0,4203377
2020-06-24,107.5,108.0,107.5,108.0,3891826
2020-06-29,107.5,108.5,107.5,108.5,2670513
2020-06-30,108.5,110.5,108.0,110.5,5751194
2020-07-01,111.0,113.0,111.0,112.0,6410949
2020-07-02,112.5,114.0,112.0,114.0,8671605
2020-07-03,114.5,115.5,114.0,115.0,6697273
2020-07-06,115.0,116.0,114.0,115.5,11195347
2020-07-07,115.5,116.0,115.0,115.0,7433286
2020-07-08,115.0,116.0,114.5,115.5,5467989
2020-07-09,115.5,116.0,115.0,115.5,5845239
2020-07-10,115.5,116.5,115.0,116.0,8564578
2020-07-13,116.0,116.5,115.5,116.0,7684664
2020-07-14,116.0,116.5,115.5,116.0,6454264
2020-07-15,116.0,116.5,115.5,116.0,10687010
2020-07-16,116.0,116.0,114.0,114.0,10485791
2020-07-17,109.0,109.0,107.5,107.5,8904851
2020-07-20,107.5,107.5,106.5,107.5,3709537
2020-07-21,107.5,108.0,106.5,106.5,4500150
2020-07-22,106.5,107.0,106.5,107.0,2511543
2020-07-23,106.5,107.0,106.0,106.5,3035505
2020-07-24,106.0,106.5,106.0,106.0,4411768
2020-07-27,106.0,106.5,105.0,105.0,4314945
2020-07-28,104.0,105.5,104.0,104.5,4373150
2020-07-29,104.5,105.0,104.5,105.0,2098463
2020-07-30,105.0,105.5,104.5,105.0,3596780
2020-07-31,105.5,105.5,104.5,105.0,2370584
2020-08-03,105.0,105.0,104.0,104.0,3193065
2020-08-04,104.5,105.0,104.0,104.0,3287446
2020-08-05,104.5,105.0,103.5,104.5,4133372
2020-08-06,104.5,105.0,103.5,104.0,4168198
2020-08-07,103.5,104.0,103.0,103.5,5666381
2020-08-10,103.5,104.0,103.0,103.0,6313168
2020-08-11,103.0,103.5,102.5,102.5,6114545
2020-08-12,103.0,103.0,102.5,103.0,5846554
2020-08-13,103.5,103.5,103.0,103.5,3182836
2020-08-14,103.0,103.5,102.5,103.0,5085673
2020-08-17,103.0,103.5,103.0,103.5,1344613
2020-08-18,103.5,103.5,103.0,103.0,2935713
2020-08-19,103.0,104.0,103.0,103.0,3985796
2020-08-20,103.0,103.5,102.5,102.5,3999006
2020-08-21,103.0,103.0,102.0,103.0,7118310
2020-08-24,103.0,103.0,102.5,102.5,1627348
2020-08-25,102.5,103.0,102.0,102.0,5021367
2020-08-26,102.0,103.0,102.0,102.5,3262546
2020-08-27,102.5,103.0,102.0,102.5,2394321
2020-08-28,102.5,103.0,102.0,102.5,1825588
2020-08-31,102.5,103.0,101.5,101.5,8829392
2020-09-01,102.0,102.0,101.0,101.5,6580573
2020-09-02,101.5,101.5,100.5,101.5,6116742
2020-09-03,101.5,101.5,100.5,101.0,3990727
2020-09-04,100.5,101.0,100.5,101.0,2128741
2020-09-07,101.0,101.0,100.5,101.0,2088685
2020-09-08,100.5,101.0,100.0,100.5,2174855
2020-09-09,100.5,101.0,99.69999694824219,100.0,6413868
2020-09-10,100.0,100.5,99.80000305175781,100.0,5484505
2020-09-11,100.0,101.0,99.80000305175781,100.5,4166596
2020-09-14,100.5,100.5,100.0,100.5,2793654
2020-09-15,100.0,100.5,99.5999984741211,100.0,5608814
2020-09-16,100.0,100.0,99.69999694824219,100.0,4298719
2020-09-17,100.0,100.5,99.69999694824219,99.69999694824219,3872654
2020-09-18,99.69999694824219,100.0,99.4000015258789,99.5,6828323
2020-09-21,99.5,99.5,98.9000015258789,98.9000015258789,4553803
2020-09-22,98.9000015258789,98.9000015258789,98.4000015258789,98.5999984741211,3790285
2020-09-23,98.30000305175781,98.4000015258789,97.80000305175781,97.80000305175781,5816103
2020-09-24,97.69999694824219,97.69999694824219,96.4000015258789,96.4000015258789,8621499
2020-09-25,96.5,97.0,96.30000305175781,96.69999694824219,3468011
2020-09-28,97.0999984741211,97.30000305175781,96.80000305175781,97.0999984741211,3354530
2020-09-29,97.5,97.80000305175781,96.9000015258789,97.0,3767684
2020-09-30,97.19999694824219,97.4000015258789,96.5999984741211,96.5999984741211,4206811
2020-10-05,97.0,97.0999984741211,96.5,96.5,2306291
2020-10-06,96.80000305175781,97.0,96.5999984741211,97.0,1897619
2020-10-07,97.19999694824219,97.4000015258789,96.80000305175781,96.80000305175781,2806916
2020-10-08,96.80000305175781,97.0999984741211,96.5,96.9000015258789,2806379
2020-10-12,97.0,97.0999984741211,96.19999694824219,96.5999984741211,2804615
2020-10-13,96.5999984741211,96.5999984741211,95.69999694824219,96.0,3562538
2020-10-14,96.19999694824219,96.5999984741211,96.0,96.4000015258789,1705180
2020-10-15,96.4000015258789,96.5,95.5999984741211,96.0,4052284
2020-10-16,96.0,96.30000305175781,95.0,95.0,3260149
2020-10-19,95.5999984741211,96.80000305175781,95.5,95.5,3790975
2020-10-20,96.0999984741211,96.30000305175781,95.5,95.5999984741211,2076131
2020-10-21,96.19999694824219,96.69999694824219,96.0,96.4000015258789,2590104
2020-10-22,96.4000015258789,98.5,96.4000015258789,98.5,5072672
2020-10-23,98.5,98.5999984741211,97.0,97.5999984741211,2788125
2020-10-26,97.69999694824219,98.4000015258789,97.69999694824219,98.4000015258789,1654755
2020-10-27,98.30000305175781,98.4000015258789,97.9000015258789,98.0,1635624
2020-10-28,98.0,98.0999984741211,97.69999694824219,98.0999984741211,1753275
2020-10-29,97.9000015258789,97.9000015258789,97.0,97.0,2077664
2020-10-30,97.5,97.80000305175781,96.0,97.69999694824219,3790164
2020-11-02,97.69999694824219,98.0,97.0,97.80000305175781,1211109
2020-11-03,98.0999984741211,98.4000015258789,97.30000305175781,97.80000305175781,2326203
2020-11-04,97.80000305175781,98.30000305175781,97.30000305175781,97.9000015258789,1394788
2020-11-05,98.30000305175781,98.9000015258789,97.9000015258789,98.5999984741211,2573836
2020-11-06,98.5999984741211,100.0,98.19999694824219,100.0,4263371
2020-11-09,100.5,101.0,100.0,100.5,2368171
2020-11-10,100.5,101.0,99.69999694824219,99.69999694824219,3474423
2020-11-11,100.0,100.0,99.30000305175781,99.5,4385190
2020-11-12,99.5,100.0,99.30000305175781,99.5,2617032
2020-11-13,99.5,99.5,98.9000015258789,99.0999984741211,3261096
2020-11-16,99.0,100.0,98.9000015258789,99.5,4312962
2020-11-17,99.30000305175781,99.69999694824219,98.4000015258789,99.0,5269702
2020-11-18,99.0,99.9000015258789,99.0,99.69999694824219,3735399
2020-11-19,99.69999694824219,100.5,99.4000015258789,99.5,4060190
2020-11-20,99.69999694824219,100.0,99.19999694824219,99.30000305175781,2811443
2020-11-23,100.0,100.5,99.30000305175781,99.5,3634114
2020-11-24,99.5999984741211,99.69999694824219,99.0,99.0999984741211,2482584
2020-11-25,99.5,99.5,98.5,98.69999694824219,4228442
2020-11-26,98.69999694824219,99.5999984741211,98.5999984741211,99.5999984741211,2205173
2020-11-27,99.4000015258789,99.5999984741211,99.0,99.19999694824219,3450329
2020-11-30,99.19999694824219,99.4000015258789,97.0999984741211,97.0999984741211,13824839
2020-12-01,97.80000305175781,98.30000305175781,97.80000305175781,98.30000305175781,2379061
2020-12-02,97.9000015258789,98.19999694824219,97.5999984741211,97.69999694824219,3446994
2020-12-03,97.5999984741211,97.5999984741211,97.0,97.0,5948405
2020-12-04,97.4000015258789,98.19999694824219,97.4000015258789,97.5999984741211,3107720
2020-12-07,98.30000305175781,98.30000305175781,97.5999984741211,97.5999984741211,3900408
2020-12-08,97.5999984741211,98.0,97.19999694824219,97.80000305175781,2934102
2020-12-09,97.80000305175781,98.30000305175781,97.5999984741211,97.80000305175781,3177336
2020-12-10,97.80000305175781,98.5,97.80000305175781,97.9000015258789,3050000
2020-12-11,98.30000305175781,98.80000305175781,98.0,98.5999984741211,3248800
2020-12-14,98.9000015258789,99.5999984741211,98.5999984741211,99.0,3386349
2020-12-15,98.9000015258789,99.0,98.0,98.5,2276950
2020-12-16,98.9000015258789,99.4000015258789,98.19999694824219,99.19999694824219,3508651
2020-12-17,99.0999984741211,99.19999694824219,98.69999694824219,99.19999694824219,2050549
2020-12-18,99.19999694824219,99.5999984741211,99.0,99.30000305175781,2808735
2020-12-21,99.5,99.5,98.69999694824219,99.4000015258789,1865907
2020-12-22,99.0999984741211,99.30000305175781,98.69999694824219,99.0,1760462
2020-12-23,98.5999984741211,98.80000305175781,98.30000305175781,98.5999984741211,1368256
2020-12-24,98.5999984741211,99.0,98.4000015258789,98.5,1714951
2020-12-25,98.5999984741211,99.0,98.5,98.80000305175781,1343817
2020-12-28,98.80000305175781,99.5,98.5,99.5,1805084
2020-12-29,99.5,99.5,98.9000015258789,99.0,1733674
2020-12-30,99.0999984741211,99.9000015258789,99.0,99.69999694824219,3121467
2020-12-31,99.69999694824219,99.69999694824219,98.9000015258789,98.9000015258789,2776069
2021-01-04,98.69999694824219,99.19999694824219,98.5,98.69999694824219,2581735
2021-01-05,99.0999984741211,99.4000015258789,98.5999984741211,99.19999694824219,2518560
2021-01-06,98.80000305175781,99.0999984741211,98.0999984741211,98.5999984741211,3355330
2021-01-07,98.19999694824219,99.0,98.0999984741211,98.30000305175781,2486073
2021-01-08,98.30000305175781,99.5,98.19999694824219,99.5,5394005
2021-01-11,99.4000015258789,99.4000015258789,98.80000305175781,99.4000015258789,4364230
2021-01-12,99.30000305175781,99.5,98.80000305175781,99.4000015258789,4418059
2021-01-13,99.4000015258789,99.69999694824219,99.19999694824219,99.5,4069677
2021-01-14,99.5,99.69999694824219,99.30000305175781,99.5999984741211,3720867
2021-01-15,99.30000305175781,99.5,98.80000305175781,99.0999984741211,4600727
2021-01-18,99.0999984741211,99.4000015258789,98.19999694824219,98.69999694824219,3489737
2021-01-19,98.4000015258789,98.5999984741211,98.19999694824219,98.19999694824219,2045927
2021-01-20,98.0999984741211,98.30000305175781,97.0,97.30000305175781,6230568
2021-01-21,97.4000015258789,97.69999694824219,97.19999694824219,97.19999694824219,3524412
2021-01-22,97.80000305175781,97.9000015258789,96.5999984741211,96.69999694824219,3830852
2021-01-25,96.69999694824219,98.0999984741211,96.69999694824219,97.80000305175781,2950013
2021-01-26,97.69999694824219,97.69999694824219,96.5999984741211,97.4000015258789,3757312
2021-01-27,97.69999694824219,97.9000015258789,96.5999984741211,96.5999984741211,2763453
2021-01-28,96.80000305175781,97.5999984741211,96.5,97.19999694824219,3421031
2021-01-29,96.5,96.80000305175781,96.0,96.19999694824219,5172423
2021-02-01,96.5,97.30000305175781,96.30000305175781,96.5,1874820
2021-02-02,96.30000305175781,97.0999984741211,96.0,96.80000305175781,1976814
2021-02-03,96.80000305175781,96.9000015258789,96.19999694824219,96.30000305175781,2199328
2021-02-04,96.0999984741211,96.80000305175781,96.0,96.30000305175781,2156736
2021-02-05,95.9000015258789,97.69999694824219,95.9000015258789,97.19999694824219,2411960
2021-02-17,96.30000305175781,97.0,96.0,96.5999984741211,5523928
2021-02-18,96.5999984741211,97.69999694824219,96.4000015258789,96.4000015258789,4193964
2021-02-19,96.4000015258789,96.5999984741211,96.0,96.19999694824219,3559119
2021-02-22,96.30000305175781,96.80000305175781,96.0999984741211,96.19999694824219,3486118
2021-02-23,96.19999694824219,98.0999984741211,96.19999694824219,98.0,4310073
2021-02-24,98.0,98.9000015258789,98.0,98.0,3224224
2021-02-25,98.30000305175781,99.0,98.19999694824219,99.0,3084570
2021-02-26,99.0,99.0,97.0,97.0999984741211,8433362
2021-03-02,97.5,98.0,97.30000305175781,97.30000305175781,3373428
2021-03-03,98.0,99.0,97.80000305175781,98.9000015258789,5354290
2021-03-04,98.5999984741211,98.80000305175781,97.0999984741211,98.0,5449060
2021-03-05,97.4000015258789,98.30000305175781,97.19999694824219,97.80000305175781,2625374
2021-03-08,98.0,98.69999694824219,97.5,97.5999984741211,2793435
2021-03-09,98.30000305175781,98.69999694824219,97.69999694824219,98.5999984741211,2952870
2021-03-10,98.80000305175781,99.19999694824219,98.5999984741211,99.19999694824219,3275655
2021-03-11,99.0999984741211,99.5,98.80000305175781,98.80000305175781,3540499
2021-03-12,99.5,99.5,98.80000305175781,98.9000015258789,1818950
2021-03-15,98.80000305175781,98.9000015258789,98.0999984741211,98.0999984741211,3364854
2021-03-16,98.5,99.19999694824219,98.4000015258789,98.80000305175781,3348148
2021-03-17,99.0999984741211,99.19999694824219,98.0999984741211,98.69999694824219,3931561
2021-03-18,98.80000305175781,99.30000305175781,98.30000305175781,98.5999984741211,3424141
2021-03-19,99.0,99.0,97.80000305175781,97.80000305175781,6319508
2021-03-22,97.80000305175781,98.0,97.30000305175781,97.80000305175781,2407032
2021-03-23,97.80000305175781,97.9000015258789,97.5,97.5,1546448
2021-03-24,97.5,98.0,97.4000015258789,97.5,2015705
2021-03-25,97.5,97.9000015258789,97.30000305175781,97.5,2418684
2021-03-26,97.5,98.5,97.5,98.5,1776001
2021-03-29,98.5,98.80000305175781,98.0,98.80000305175781,3399499
2021-03-30,98.69999694824219,98.9000015258789,98.30000305175781,98.9000015258789,3158378
2021-03-31,98.9000015258789,99.0,98.19999694824219,98.19999694824219,4012649
2021-04-01,98.19999694824219,98.9000015258789,98.19999694824219,98.19999694824219,1743975
2021-04-07,98.9000015258789,99.0,98.69999694824219,99.0,2341451
2021-04-08,98.69999694824219,98.9000015258789,98.19999694824219,98.30000305175781,3671829
2021-04-09,98.30000305175781,98.69999694824219,98.0999984741211,98.19999694824219,2346431
2021-04-12,98.19999694824219,98.19999694824219,98.0,98.0,2829702
2021-04-13,98.5999984741211,98.5999984741211,98.19999694824219,98.5,1778786
2021-04-14,98.69999694824219,99.0,98.5,98.69999694824219,3448269
2021-04-15,98.80000305175781,99.0,98.5999984741211,98.9000015258789,2305597
2021-04-16,99.0,99.19999694824219,98.9000015258789,99.19999694824219,2777733
2021-04-19,99.19999694824219,99.80000305175781,99.0,99.80000305175781,3122132
2021-04-20,100.0,101.5,99.9000015258789,101.5,4377057
2021-04-21,101.5,101.5,100.5,100.5,4063802
2021-04-22,101.0,101.5,100.5,101.0,3273962
2021-04-23,101.0,101.5,100.5,101.0,2813444
2021-04-26,101.0,101.5,100.5,101.0,2913305
2021-04-27,101.0,101.0,100.5,101.0,2860971
2021-04-28,101.0,101.0,100.0,100.5,4189990
2021-04-29,100.0,100.5,100.0,100.0,2686962
2021-05-03,100.0,100.5,99.30000305175781,99.80000305175781,2884738
2021-05-04,100.0,100.5,99.0,99.0999984741211,4921160
2021-05-05,99.5,99.5999984741211,98.69999694824219,99.0,3240460
2021-05-06,99.19999694824219,100.5,99.0999984741211,100.0,4780371
2021-05-07,100.5,101.0,100.0,100.5,3295043
2021-05-10,101.0,101.0,100.0,100.5,3544926
2021-05-11,100.5,101.0,100.0,100.5,4502535
2021-05-12,100.5,101.0,95.5,98.4000015258789,12362302
2021-05-13,98.4000015258789,98.69999694824219,97.0,97.30000305175781,10083712
2021-05-14,97.5999984741211,99.69999694824219,97.4000015258789,99.69999694824219,5326063
2021-05-17,98.0,99.5999984741211,98.0,99.5999984741211,7510148
2021-05-18,98.80000305175781,100.5,98.80000305175781,100.5,4756740
2021-05-19,99.0999984741211,100.5,99.0999984741211,100.5,3005136
2021-05-20,99.5999984741211,100.5,99.19999694824219,100.5,3645186
2021-05-21,101.0,101.0,100.0,101.0,2494932
2021-05-24,100.5,100.5,99.5,100.0,1614127
2021-05-25,99.69999694824219,100.5,99.5,100.0,2353846
2021-05-26,99.69999694824219,99.9000015258789,99.19999694824219,99.69999694824219,2440625
2021-05-27,99.19999694824219,99.19999694824219,98.0,98.0,10275318
2021-05-28,98.80000305175781,99.69999694824219,98.5,99.69999694824219,2817800
2021-05-31,100.0,100.5,99.4000015258789,100.5,3280880
2021-06-01,100.0,101.0,99.5999984741211,100.0,2447615
2021-06-02,100.0,101.0,99.80000305175781,101.0,2252979
2021-06-03,100.5,101.0,100.0,100.5,1803832
2021-06-04,100.5,101.5,100.0,101.0,2575493
2021-06-07,101.0,101.5,100.5,101.0,2051966
2021-06-08,101.5,102.5,101.5,102.5,3151850
2021-06-09,102.5,103.0,102.0,102.5,2170039
2021-06-10,102.5,103.5,102.0,103.5,2618203
2021-06-11,103.5,104.0,103.0,103.5,2601583
2021-06-15,103.5,104.0,102.5,102.5,1690909
2021-06-16,102.5,103.0,102.0,102.5,2963564
2021-06-17,102.5,102.5,102.0,102.5,1271476
2021-06-18,102.0,102.5,101.0,101.0,6538510
2021-06-21,101.0,102.0,101.0,101.5,1668828
2021-06-22,101.5,102.5,101.0,101.5,2195447
2021-06-23,102.0,103.0,102.0,102.0,2943910
2021-06-24,102.5,103.0,102.0,102.0,1701327
2021-06-25,102.5,103.0,102.0,102.5,2055739
2021-06-28,102.5,103.0,102.0,102.0,1334025
2021-06-29,102.0,102.5,101.5,102.5,2983787
2021-06-30,102.5,102.5,102.0,102.0,2137439
2021-07-01,102.0,103.0,101.5,102.0,3366625
2021-07-02,102.0,103.0,101.5,102.0,2974527
2021-07-05,102.5,103.0,102.0,102.5,1893463
2021-07-06,102.5,103.0,102.0,102.0,1749971
2021-07-07,102.0,102.5,101.5,102.5,1491577
2021-07-08,102.5,103.0,102.0,102.5,2112908
2021-07-09,102.0,103.0,102.0,103.0,2007270
2021-07-12,102.5,103.0,101.5,102.0,2802842
2021-07-13,102.5,103.0,102.0,103.0,2737329
2021-07-14,103.0,103.0,102.0,102.5,1103782
2021-07-15,103.0,103.0,102.0,102.5,1730015
2021-07-16,102.5,103.0,102.0,102.0,1950324
2021-07-19,102.0,102.5,102.0,102.5,1620562
2021-07-20,102.5,102.5,102.0,102.0,687029
2021-07-21,102.0,102.5,102.0,102.5,1270127
2021-07-22,102.5,103.5,102.0,103.5,3081054
2021-07-23,103.5,104.0,103.5,104.0,1639359
2021-07-26,104.0,104.5,103.5,103.5,1843215
2021-07-27,104.0,104.0,103.5,104.0,1422308
2021-07-28,104.0,104.0,103.0,104.0,2688976
2021-07-29,104.0,104.5,103.5,104.5,1792151
2021-07-30,104.5,104.5,104.0,104.0,1709677
2021-08-02,104.5,105.0,104.0,105.0,3033744
2021-08-03,105.5,106.0,105.0,106.0,2950792
2021-08-04,106.0,107.0,106.0,107.0,5468050
2021-08-05,107.0,109.5,107.0,108.5,13275754
2021-08-06,108.5,108.5,107.5,108.0,8310074
2021-08-09,108.0,108.0,106.5,107.0,4522808
2021-08-10,107.5,107.5,106.0,107.0,4040137
2021-08-11,106.5,107.0,106.0,107.0,4808758
2021-08-12,107.0,107.0,106.5,107.0,3484255
2021-08-13,106.5,106.5,105.0,106.0,5765140
2021-08-16,105.0,105.5,104.5,105.0,5202825
2021-08-17,105.0,105.0,105.0,105.0,0
2021-08-18,104.5,105.0,104.0,105.0,2978528
2021-08-19,104.0,104.5,103.0,103.0,5727238
2021-08-20,102.5,103.0,101.0,101.5,9094727
2021-08-23,96.0999984741211,96.9000015258789,96.0,96.9000015258789,18022940
2021-08-24,97.5,98.0,96.9000015258789,98.0,8186215
2021-08-25,98.30000305175781,98.5,97.30000305175781,97.80000305175781,5194477
2021-08-26,98.0,98.5999984741211,97.69999694824219,98.5,3266020
2021-08-27,98.5,99.0999984741211,98.19999694824219,99.0999984741211,3227669
2021-08-30,99.4000015258789,99.80000305175781,98.5999984741211,99.69999694824219,3551304
2021-08-31,99.5999984741211,101.0,99.0999984741211,101.0,4955588
2021-09-01,100.0,100.5,98.4000015258789,99.0,4645552
2021-09-02,99.0,99.0999984741211,98.0,98.5,3510205
2021-09-03,98.80000305175781,99.0,98.19999694824219,98.9000015258789,2531512
2021-09-06,99.0,99.0,98.30000305175781,98.5999984741211,2881301
2021-09-07,98.5,98.9000015258789,98.4000015258789,98.5,2740016
2021-09-08,98.80000305175781,99.30000305175781,98.5,99.30000305175781,3419602
2021-09-09,99.0,99.0,98.4000015258789,98.5,2214969
2021-09-10,98.5,99.4000015258789,98.5,99.4000015258789,2275410
2021-09-13,99.4000015258789,99.4000015258789,98.69999694824219,99.30000305175781,1868938
2021-09-14,99.4000015258789,99.4000015258789,98.80000305175781,99.0,1959590
2021-09-15,99.0,99.4000015258789,98.9000015258789,99.19999694824219,1976401
2021-09-16,99.19999694824219,99.4000015258789,98.69999694824219,99.0,2330301
2021-09-17,99.0,100.5,99.0,99.5,6522480
2021-09-22,98.5999984741211,98.80000305175781,98.0,98.5999984741211,4109833
2021-09-23,98.80000305175781,99.80000305175781,98.5999984741211,99.5999984741211,2163820
2021-09-24,99.9000015258789,100.0,99.30000305175781,99.80000305175781,1458981
2021-09-27,99.69999694824219,99.80000305175781,99.0999984741211,99.69999694824219,2110145
2021-09-28,99.4000015258789,99.5999984741211,98.5,99.5999984741211,1846159
2021-09-29,99.0999984741211,99.30000305175781,98.5,99.30000305175781,3156586
2021-09-30,98.5999984741211,99.30000305175781,98.5,98.9000015258789,2828357
2021-10-01,98.5,98.69999694824219,98.0999984741211,98.5999984741211,4508149
2021-10-04,98.5999984741211,99.0,98.0999984741211,98.80000305175781,2543073
2021-10-05,98.69999694824219,99.5,98.30000305175781,99.19999694824219,3197096
2021-10-06,99.30000305175781,99.30000305175781,98.30000305175781,99.19999694824219,3461688
2021-10-07,99.19999694824219,99.5999984741211,98.80000305175781,99.19999694824219,3081003
2021-10-08,98.80000305175781,99.30000305175781,98.69999694824219,98.9000015258789,2552750
2021-10-12,98.5,99.0,97.5999984741211,99.0,4742236
2021-10-13,99.19999694824219,99.30000305175781,98.19999694824219,98.80000305175781,2845700
2021-10-14,99.0,99.0,98.30000305175781,98.30000305175781,1830250
2021-10-15,98.30000305175781,98.80000305175781,98.30000305175781,98.5999984741211,1939861
2021-10-18,98.5999984741211,98.69999694824219,98.0999984741211,98.30000305175781,2839550
2021-10-19,98.5,98.5,98.0,98.0999984741211,3735975
2021-10-20,98.19999694824219,98.4000015258789,97.80000305175781,98.4000015258789,4290999
2021-10-21,98.5,98.5,98.0,98.4000015258789,5606138
2021-10-22,98.30000305175781,98.4000015258789,98.0,98.4000015258789,2409370
2021-10-25,98.30000305175781,98.5,98.0999984741211,98.4000015258789,929833
2021-10-26,98.5999984741211,98.5999984741211,98.19999694824219,98.4000015258789,2183248
2021-10-27,98.30000305175781,98.4000015258789,98.0,98.0999984741211,2004097
2021-10-28,98.4000015258789,98.4000015258789,98.0999984741211,98.19999694824219,1513300
2021-10-29,98.19999694824219,98.4000015258789,97.9000015258789,98.0999984741211,3543996
2021-11-01,98.19999694824219,98.4000015258789,98.0999984741211,98.4000015258789,1567298
2021-11-02,98.5,98.5,98.0,98.0,2348762
2021-11-03,98.0,98.4000015258789,98.0,98.4000015258789,1806839
2021-11-04,98.4000015258789,98.5,98.0999984741211,98.4000015258789,1713593
2021-11-05,98.30000305175781,99.0999984741211,98.19999694824219,99.0999984741211,2903988
2021-11-08,98.9000015258789,98.9000015258789,98.30000305175781,98.80000305175781,2849496
2021-11-09,98.69999694824219,99.0,98.5,98.80000305175781,2859253
2021-11-10,98.80000305175781,99.0999984741211,98.69999694824219,99.0999984741211,1966210
2021-11-11,99.0999984741211,99.5999984741211,98.80000305175781,99.5,2114556
2021-11-12,99.5,99.69999694824219,99.0999984741211,99.69999694824219,1767327
2021-11-15,99.69999694824219,99.9000015258789,99.30000305175781,99.69999694824219,2160908
2021-11-16,99.80000305175781,100.0,99.30000305175781,100.0,2848577
2021-11-17,100.0,100.5,99.5,100.5,2441238
2021-11-18,100.5,100.5,99.9000015258789,100.5,2036400
2021-11-19,100.5,100.5,99.5,100.0,2606321
2021-11-22,100.0,100.0,99.0999984741211,99.0999984741211,1487531
2021-11-23,99.0999984741211,99.5999984741211,98.5,99.19999694824219,1828344
2021-11-24,99.0999984741211,99.4000015258789,98.69999694824219,98.69999694824219,1333816
2021-11-25,98.80000305175781,99.0,98.5,98.80000305175781,1455099
2021-11-26,98.5,98.80000305175781,98.0999984741211,98.0999984741211,2634189
2021-11-29,98.0999984741211,98.5999984741211,98.0,98.19999694824219,1715585
2021-11-30,98.19999694824219,98.5,97.0,97.0,12054274
2021-12-01,97.4000015258789,98.5,97.30000305175781,98.30000305175781,3045502
2021-12-02,98.0999984741211,99.0,98.0,98.80000305175781,2751973
2021-12-03,98.30000305175781,98.69999694824219,98.19999694824219,98.30000305175781,1622239
2021-12-06,98.0,98.30000305175781,97.5,98.0,1997221
2021-12-07,98.0,98.5999984741211,98.0,98.5999984741211,2343859
2021-12-08,99.0,99.0,98.4000015258789,98.5999984741211,1702358
2021-12-09,98.5999984741211,98.80000305175781,98.4000015258789,98.80000305175781,1472714
2021-12-10,98.5,98.5999984741211,98.19999694824219,98.30000305175781,1277054
2021-12-13,98.4000015258789,98.5,98.0,98.0,2218245
2021-12-14,98.0,98.4000015258789,97.9000015258789,98.0999984741211,1336978
2021-12-15,98.0,98.5999984741211,97.80000305175781,98.0999984741211,2775279
2021-12-16,98.30000305175781,98.80000305175781,98.0,98.5999984741211,2875749
2021-12-17,98.5999984741211,98.9000015258789,98.5,98.9000015258789,3387665
2021-12-20,98.5,98.80000305175781,98.30000305175781,98.4000015258789,2251753
2021-12-21,98.5,99.0999984741211,98.4000015258789,98.80000305175781,3519651
2021-12-22,99.0,99.5,99.0,99.19999694824219,2034543
2021-12-23,99.0999984741211,99.5999984741211,99.0999984741211,99.5,2062127
2021-12-24,99.5999984741211,99.80000305175781,99.30000305175781,99.80000305175781,2065660
2021-12-27,99.80000305175781,100.5,99.5,99.9000015258789,2495842
2021-12-28,99.9000015258789,100.5,99.80000305175781,100.5,2274257
2021-12-29,100.5,100.5,99.80000305175781,100.5,2414850
2021-12-30,100.5,100.5,99.80000305175781,100.0,1714321
2022-01-03,101.0,101.5,100.0,100.5,3517454
2022-01-04,100.0,100.5,99.0,99.19999694824219,3265897
2022-01-05,99.0999984741211,99.69999694824219,98.80000305175781,99.69999694824219,3186466
2022-01-06,99.69999694824219,99.69999694824219,99.0,99.19999694824219,2711073
2022-01-07,99.5,99.5,99.19999694824219,99.5,1294672
2022-01-10,99.80000305175781,100.0,99.30000305175781,99.80000305175781,1866797
2022-01-11,99.9000015258789,100.0,99.5999984741211,100.0,1994676
2022-01-12,100.0,100.5,99.80000305175781,100.5,1860822
2022-01-13,100.5,100.5,100.0,100.5,2732074
2022-01-14,100.5,101.0,100.0,101.0,2073104
2022-01-17,100.5,101.0,100.0,100.0,1631459
2022-01-18,100.5,100.5,100.0,100.0,1230941
2022-01-19,100.5,101.0,100.0,101.0,2225842
2022-01-20,100.5,101.0,99.5999984741211,99.9000015258789,3365330
2022-01-21,99.9000015258789,100.5,99.19999694824219,100.0,3843118
2022-01-24,99.5999984741211,100.5,99.4000015258789,100.5,1257435
2022-01-25,99.5,100.5,99.0,100.5,3816774
2022-01-26,100.0,100.5,99.69999694824219,99.69999694824219,1983706
2022-02-07,99.5,101.0,99.5,101.0,3804505
2022-02-08,100.5,101.0,100.0,100.5,2374886
2022-02-09,100.5,102.0,100.5,102.0,3029214
2022-02-10,102.0,103.5,102.0,103.5,3559625
2022-02-11,103.0,103.5,102.5,103.0,2958741
2022-02-14,103.0,104.0,102.0,103.0,2318184
2022-02-15,103.5,104.0,103.0,103.5,3105517
2022-02-16,103.5,105.0,103.5,105.0,3476817
2022-02-17,105.0,106.0,104.5,105.0,4636431
2022-02-18,105.0,105.5,104.5,105.0,2311195
2022-02-21,104.5,106.0,104.0,106.0,2881569
2022-02-22,105.5,106.0,104.5,106.0,4178539
2022-02-23,106.0,107.0,105.5,107.0,3660971
2022-02-24,106.5,107.0,104.0,105.0,6230193
2022-02-25,104.5,106.0,103.5,103.5,11077349
2022-03-01,104.5,106.5,104.5,105.5,5169276
2022-03-02,106.0,106.5,104.5,106.0,3695898
2022-03-03,106.0,106.0,105.0,106.0,2083573
2022-03-04,105.5,106.0,105.0,105.5,1693152
2022-03-07,104.5,106.0,103.5,105.0,4890920
2022-03-08,104.5,105.5,104.0,105.0,4031030
2022-03-09,105.0,105.5,104.5,105.5,2207578
2022-03-10,105.0,106.5,105.0,106.5,2688016
2022-03-11,106.0,106.0,105.0,106.0,2046881
2022-03-14,105.5,106.0,105.5,106.0,2100316
2022-03-15,106.0,106.0,105.5,106.0,2362089
2022-03-16,106.0,107.0,105.5,107.0,5259803
2022-03-17,107.5,108.5,105.5,106.0,6606885
2022-03-18,106.0,107.0,105.0,105.0,7590843
2022-03-21,106.0,106.0,104.5,105.5,1608405
2022-03-22,105.0,105.5,104.0,105.0,2891108
2022-03-23,105.0,105.5,104.0,105.0,2450994
2022-03-24,104.5,107.0,104.5,106.5,5322728
2022-03-25,106.0,106.0,105.5,106.0,1909106
2022-03-28,105.0,105.5,104.5,105.5,2957155
2022-03-29,105.5,105.5,105.0,105.5,936245
2022-03-30,105.5,106.0,105.0,105.5,1985060
2022-03-31,105.5,106.0,105.0,105.0,1717846
2022-04-01,105.0,105.5,104.5,105.5,1791710
2022-04-06,105.5,105.5,104.5,105.5,2482798
2022-04-07,105.0,106.0,105.0,105.5,3017178
2022-04-08,106.0,106.5,105.5,106.0,2358219
2022-04-11,106.0,107.0,106.0,106.5,5372595
2022-04-12,106.5,107.0,106.0,107.0,3272094
2022-04-13,107.0,107.0,106.0,106.5,2403828
2022-04-14,106.5,107.0,106.0,106.0,1325510
2022-04-15,106.0,106.5,105.0,105.5,1641278
2022-04-18,105.0,106.5,105.0,106.0,2391828
2022-04-19,106.0,107.0,106.0,106.0,4338898
2022-04-20,106.5,108.5,106.0,108.5,8666216
2022-04-21,108.0,108.5,107.5,108.0,2592932
2022-04-22,107.0,108.5,107.0,108.5,2452489
2022-04-25,107.5,108.0,107.0,107.5,3123477
2022-04-26,107.5,109.0,107.5,109.0,4547422
2022-04-27,108.5,109.0,108.0,108.0,3864489
2022-04-28,108.0,109.0,108.0,109.0,6229524
2022-04-29,108.5,109.0,108.0,108.5,2296995
2022-05-03,108.0,108.5,106.5,107.0,2903399
2022-05-04,107.0,107.0,105.0,105.5,3188283
2022-05-05,106.0,106.5,105.0,105.5,1876107
2022-05-06,105.0,106.5,105.0,106.0,3064561
2022-05-09,105.0,106.0,105.0,105.5,2668752
2022-05-10,105.5,107.5,105.0,107.0,5381860
2022-05-11,106.0,107.5,106.0,107.5,3325699
2022-05-12,107.5,107.5,106.0,106.5,4170505
2022-05-13,106.5,107.0,106.0,106.5,2540202
2022-05-16,107.0,107.0,106.0,106.5,1893265
2022-05-17,107.0,107.0,106.0,106.5,2182085
2022-05-18,106.0,108.0,105.5,107.5,6940947
2022-05-19,107.5,108.0,107.0,108.0,4853684
2022-05-20,108.0,108.0,107.0,108.0,3419136
2022-05-23,108.0,108.0,107.0,107.0,4288753
2022-05-24,107.0,107.5,106.5,107.0,4380394
2022-05-25,107.5,108.0,106.5,107.5,5344675
2022-05-26,107.5,109.0,107.0,108.5,6472975
2022-05-27,108.5,109.0,107.5,108.0,6300246
2022-05-30,108.0,108.0,107.0,108.0,4918416
2022-05-31,107.5,108.0,107.0,108.0,11055503
2022-06-01,108.0,108.0,107.0,107.0,3094804
2022-06-02,107.0,108.0,106.5,107.5,1553126
2022-06-06,108.0,108.0,107.0,108.0,1736656
2022-06-07,107.5,108.0,107.0,107.5,2193000
2022-06-08,107.0,108.0,107.0,108.0,1715673
2022-06-09,107.5,108.0,106.5,107.5,4075125
2022-06-10,106.5,107.5,106.0,106.5,2536623
2022-06-13,106.0,106.5,105.0,106.0,4003803
2022-06-14,106.0,107.0,105.5,106.5,2454482
2022-06-15,106.5,107.5,106.0,107.0,3224679
2022-06-16,107.5,107.5,106.5,107.0,2237451
2022-06-17,106.0,107.5,106.0,106.0,5899916
2022-06-20,106.5,107.5,106.5,107.0,3494993
2022-06-21,107.5,108.5,107.0,108.5,6990496
2022-06-22,108.0,109.0,107.5,108.5,3903577
2022-06-23,109.0,109.5,108.0,109.0,7525213
2022-06-24,109.0,110.5,109.0,110.5,7124770
2022-06-27,110.0,110.5,109.5,109.5,4297732
2022-06-28,109.5,110.0,109.0,110.0,2958821
2022-06-29,109.0,110.5,109.0,110.0,5950148
2022-06-30,109.5,110.0,107.5,108.0,5940012
2022-07-01,108.0,109.0,107.0,109.0,6939492
2022-07-04,109.0,110.5,109.0,109.5,10668179
2022-07-05,110.0,110.5,108.5,109.0,12514466
2022-07-06,109.5,110.0,108.5,109.0,14320289
2022-07-07,109.0,109.5,108.0,108.0,10526133
2022-07-08,103.5,104.5,102.5,103.0,9421838
2022-07-11,103.0,104.0,103.0,103.5,3361346
2022-07-12,103.5,104.5,103.0,104.0,5739923
2022-07-13,104.0,105.0,103.5,104.0,5068314
2022-07-14,104.0,105.5,104.0,105.5,4880180
2022-07-15,104.5,105.5,104.0,105.0,5110541
2022-07-18,104.0,104.5,103.0,103.5,7705797
2022-07-19,103.0,103.5,99.0,99.0999984741211,13641026
2022-07-20,99.0999984741211,99.0999984741211,98.0999984741211,98.19999694824219,9408500
2022-07-21,99.19999694824219,99.19999694824219,98.0999984741211,99.0999984741211,4176917
2022-07-22,99.30000305175781,99.4000015258789,98.4000015258789,99.0999984741211,3435270
2022-07-25,99.4000015258789,100.5,99.30000305175781,100.5,2288341
2022-07-26,100.5,101.5,100.0,100.5,4556928
2022-07-27,101.0,103.0,100.5,102.0,6991733
2022-07-28,102.0,102.5,101.0,101.5,2402259
2022-07-29,102.0,102.0,101.0,101.5,2619846
2022-08-01,101.5,101.5,101.0,101.5,2550499
2022-08-02,101.0,103.0,100.5,102.0,6003306
2022-08-03,102.0,103.5,101.0,101.5,5638022
2022-08-04,102.0,102.5,100.5,102.0,3366924
2022-08-05,102.0,102.0,101.0,101.5,3131430
2022-08-08,101.5,102.0,100.5,101.5,3286480
2022-08-09,102.0,102.0,101.0,101.0,2021027
2022-08-10,101.0,102.0,100.5,102.0,3331963
2022-08-11,102.0,102.5,101.0,101.5,3615090
2022-08-12,102.0,102.0,101.0,101.5,3020222
2022-08-15,101.5,102.0,101.0,101.5,2232506
2022-08-16,102.0,102.0,101.0,101.5,2904338
2022-08-17,102.0,102.0,101.0,101.5,3955637
2022-08-18,101.5,101.5,100.5,101.0,2407502
2022-08-19,101.0,101.0,100.0,100.0,2656723
2022-08-22,100.5,100.5,100.0,100.0,1352000
2022-08-23,101.0,101.0,100.0,100.0,2479100
2022-08-24,100.5,100.5,99.9000015258789,100.5,5904009
2022-08-25,100.5,101.0,99.5999984741211,99.9000015258789,5135129
2022-08-26,100.5,100.5,99.80000305175781,99.9000015258789,2354626
2022-08-29,99.69999694824219,100.5,99.0999984741211,99.80000305175781,4319020
2022-08-30,99.80000305175781,99.9000015258789,99.30000305175781,99.80000305175781,3434625
2022-08-31,99.9000015258789,99.9000015258789,99.0,99.5999984741211,7125526
2022-09-01,99.0999984741211,99.19999694824219,98.0999984741211,98.30000305175781,8186163
2022-09-02,99.19999694824219,99.19999694824219,98.19999694824219,98.19999694824219,3024163
2022-09-05,98.69999694824219,99.19999694824219,98.4000015258789,98.5,1407854
2022-09-06,99.0999984741211,99.69999694824219,98.4000015258789,98.69999694824219,2719278
2022-09-07,98.69999694824219,98.69999694824219,98.0999984741211,98.19999694824219,3324732
2022-09-08,98.69999694824219,99.0,98.19999694824219,99.0,1907208
2022-09-12,100.0,100.0,98.19999694824219,98.4000015258789,4329342
2022-09-13,99.0,99.0999984741211,98.19999694824219,98.30000305175781,4030497
2022-09-14,98.0,98.0,97.0999984741211,97.19999694824219,9036816
2022-09-15,97.69999694824219,98.19999694824219,97.0999984741211,97.5,3798018
2022-09-16,97.4000015258789,97.5999984741211,97.0,97.0,7349997
2022-09-19,97.80000305175781,97.80000305175781,96.69999694824219,96.69999694824219,3832516
2022-09-20,97.4000015258789,97.4000015258789,96.30000305175781,96.80000305175781,5080273
2022-09-21,97.0,97.5999984741211,96.80000305175781,97.19999694824219,2792159
2022-09-22,96.69999694824219,97.4000015258789,96.0,96.0,4787100
2022-09-23,96.4000015258789,96.80000305175781,96.0999984741211,96.5,1476836
2022-09-26,96.4000015258789,97.0,95.5999984741211,96.5,4137729
2022-09-27,96.69999694824219,97.19999694824219,96.19999694824219,97.0,3799612
2022-09-28,97.0999984741211,97.69999694824219,96.0,97.4000015258789,6105735
2022-09-29,97.5,97.5,95.80000305175781,96.9000015258789,7131701
2022-09-30,96.5999984741211,96.9000015258789,95.0,95.5999984741211,7483359
2022-10-03,95.5,96.0999984741211,95.0,95.5999984741211,3597750
2022-10-04,96.0,96.19999694824219,95.0,95.0,4740735
2022-10-05,95.0,95.4000015258789,94.5999984741211,94.69999694824219,4212270
2022-10-06,95.30000305175781,95.30000305175781,94.30000305175781,94.4000015258789,3819195
2022-10-07,94.30000305175781,94.4000015258789,92.9000015258789,93.19999694824219,6218180
2022-10-11,92.69999694824219,93.30000305175781,92.0999984741211,92.9000015258789,4822677
2022-10-12,93.0,94.30000305175781,93.0,93.69999694824219,3070238
2022-10-13,93.80000305175781,94.30000305175781,92.9000015258789,93.19999694824219,4275925
2022-10-14,93.80000305175781,94.19999694824219,91.19999694824219,91.5,6411859
2022-10-17,91.5,92.69999694824219,91.0999984741211,92.0999984741211,2300293
2022-10-18,92.5,92.69999694824219,92.0999984741211,92.19999694824219,1675697
2022-10-19,92.30000305175781,92.80000305175781,91.0,91.0,4965200
2022-10-20,90.5,92.69999694824219,90.4000015258789,92.5,8481665
2022-10-21,92.0999984741211,93.30000305175781,92.0999984741211,92.9000015258789,2384603
2022-10-24,93.5,93.5,91.9000015258789,92.5,4660014
2022-10-25,93.4000015258789,94.69999694824219,92.19999694824219,94.5999984741211,5726954
2022-10-26,94.5999984741211,95.4000015258789,94.0,94.5999984741211,3759419
2022-10-27,95.30000305175781,95.4000015258789,93.5999984741211,94.30000305175781,4436278
2022-10-28,95.30000305175781,95.30000305175781,94.0,94.30000305175781,2597809
2022-10-31,94.4000015258789,95.4000015258789,94.30000305175781,95.0999984741211,2761147
2022-11-01,95.30000305175781,95.4000015258789,94.19999694824219,94.4000015258789,2007125
2022-11-02,94.9000015258789,95.0,93.69999694824219,94.0999984741211,2219305
2022-11-03,93.5999984741211,94.30000305175781,92.80000305175781,93.30000305175781,2677935
2022-11-04,92.80000305175781,94.69999694824219,92.19999694824219,94.69999694824219,3317828
2022-11-07,94.0,94.0999984741211,92.69999694824219,93.0,3532394
2022-11-08,93.5999984741211,94.80000305175781,93.4000015258789,94.30000305175781,2798936
2022-11-09,95.19999694824219,95.19999694824219,94.30000305175781,94.9000015258789,2404604
2022-11-10,94.9000015258789,95.0,94.0,94.0,1428706
2022-11-11,94.9000015258789,95.19999694824219,94.19999694824219,95.0,3632715
2022-11-14,95.30000305175781,95.5999984741211,94.5,94.9000015258789,4528366
2022-11-15,94.9000015258789,94.9000015258789,93.80000305175781,94.0,4119289
2022-11-16,93.69999694824219,93.69999694824219,92.69999694824219,92.69999694824219,5363570
2022-11-17,92.9000015258789,93.0,92.0,92.0999984741211,3797676
2022-11-18,92.5,93.80000305175781,91.9000015258789,93.80000305175781,5316269
2022-11-21,93.5,93.5,91.80000305175781,91.9000015258789,5047300
2022-11-22,92.19999694824219,92.19999694824219,91.30000305175781,91.80000305175781,3243489
2022-11-23,92.0,92.4000015258789,91.69999694824219,92.0,2207497
2022-11-24,92.69999694824219,93.5999984741211,92.5999984741211,93.30000305175781,2553582
2022-11-25,93.4000015258789,94.0999984741211,93.19999694824219,94.0999984741211,3412368
2022-11-28,93.5,93.69999694824219,92.69999694824219,93.0,3160261
2022-11-29,94.0,94.4000015258789,93.0999984741211,94.0,2325738
2022-11-30,94.0,95.5,93.9000015258789,95.5,10519530
2022-12-01,95.4000015258789,95.4000015258789,93.80000305175781,94.0999984741211,3146944
2022-12-02,94.0999984741211,94.5999984741211,93.5,94.5999984741211,1784239
2022-12-05,94.19999694824219,94.5999984741211,93.9000015258789,94.30000305175781,2088642
2022-12-06,94.19999694824219,94.4000015258789,93.5,93.5,2749096
2022-12-07,93.80000305175781,95.4000015258789,93.5999984741211,95.4000015258789,3885454
2022-12-08,95.4000015258789,95.4000015258789,94.30000305175781,95.30000305175781,2209850
2022-12-09,95.30000305175781,95.5,94.9000015258789,95.4000015258789,1827367
2022-12-12,95.4000015258789,95.9000015258789,94.5999984741211,95.9000015258789,1666138
2022-12-13,95.9000015258789,95.9000015258789,94.0999984741211,95.0999984741211,3736180
2022-12-14,95.19999694824219,95.80000305175781,95.0,95.4000015258789,2651547
2022-12-15,95.5,96.0,94.5999984741211,94.69999694824219,2173615
2022-12-16,94.19999694824219,95.19999694824219,93.9000015258789,94.0999984741211,5166907
2022-12-19,93.5999984741211,94.4000015258789,93.5999984741211,94.19999694824219,1863934
2022-12-20,93.9000015258789,94.30000305175781,93.5999984741211,93.5999984741211,3049192
2022-12-21,93.5999984741211,94.69999694824219,93.5999984741211,94.30000305175781,1615046
2022-12-22,94.69999694824219,94.80000305175781,94.19999694824219,94.80000305175781,875874
2022-12-23,94.5,94.9000015258789,93.5999984741211,94.80000305175781,2507894
2022-12-26,94.80000305175781,94.9000015258789,94.30000305175781,94.80000305175781,927324
2022-12-27,94.9000015258789,95.0,94.5,94.80000305175781,912959
2022-12-28,94.5,94.5999984741211,93.9000015258789,94.19999694824219,1883286
2022-12-29,94.0999984741211,94.80000305175781,94.0,94.5,1782258
2022-12-30,95.0,95.19999694824219,94.5999984741211,94.69999694824219,732674
2023-01-03,94.5,95.5,93.80000305175781,95.4000015258789,1671869
2023-01-04,95.4000015258789,96.0,95.19999694824219,95.9000015258789,1627418
2023-01-05,96.0,96.0,95.5999984741211,95.9000015258789,1269628
2023-01-06,96.0,96.19999694824219,95.9000015258789,96.19999694824219,1119276
2023-01-09,97.0,98.19999694824219,96.9000015258789,98.19999694824219,4121143
2023-01-10,98.19999694824219,98.4000015258789,97.30000305175781,98.30000305175781,2561973
2023-01-11,98.30000305175781,98.5,95.5,95.5,4844771
2023-01-12,95.69999694824219,96.0,94.19999694824219,94.69999694824219,4505469
2023-01-13,95.4000015258789,95.9000015258789,94.69999694824219,95.19999694824219,2319136
2023-01-16,95.69999694824219,96.5,95.19999694824219,95.9000015258789,2060635
2023-01-17,96.19999694824219,96.19999694824219,95.19999694824219,95.19999694824219,2767487
2023-01-30,97.30000305175781,97.4000015258789,94.5999984741211,96.80000305175781,8270834
2023-01-31,96.5,96.5,94.5999984741211,94.5999984741211,6140616
2023-02-01,94.9000015258789,95.19999694824219,94.5,95.0999984741211,2290139
2023-02-02,95.4000015258789,95.5,94.69999694824219,95.0,2582743
2023-02-03,95.4000015258789,95.5999984741211,94.69999694824219,95.19999694824219,2654296
2023-02-06,95.19999694824219,95.5999984741211,94.9000015258789,94.9000015258789,2761340
2023-02-07,95.0999984741211,95.5999984741211,94.80000305175781,95.5999984741211,2484573
2023-02-08,95.5,95.80000305175781,95.0999984741211,95.4000015258789,1366035
2023-02-09,95.4000015258789,95.80000305175781,95.30000305175781,95.5999984741211,1939009
2023-02-10,95.30000305175781,96.30000305175781,95.30000305175781,95.9000015258789,2151562
2023-02-13,95.69999694824219,96.69999694824219,95.5,96.69999694824219,2823110
2023-02-14,96.69999694824219,97.0,96.30000305175781,96.5,2019023
2023-02-15,96.69999694824219,96.80000305175781,95.5,95.9000015258789,2040868
2023-02-16,96.19999694824219,96.69999694824219,96.0999984741211,96.19999694824219,2282024
2023-02-17,96.19999694824219,96.69999694824219,95.9000015258789,96.5999984741211,1685475
2023-02-20,96.5999984741211,96.9000015258789,96.30000305175781,96.9000015258789,1468396
2023-02-21,97.19999694824219,97.19999694824219,96.4000015258789,96.80000305175781,1647683
2023-02-22,96.5999984741211,97.5,96.0,97.19999694824219,2745443
2023-02-23,97.4000015258789,97.69999694824219,96.9000015258789,97.5999984741211,1666812
2023-02-24,97.80000305175781,97.9000015258789,96.5999984741211,96.5999984741211,4873064
2023-03-01,96.19999694824219,96.69999694824219,95.5,95.5,4729188
2023-03-02,95.5999984741211,97.0,95.5,96.80000305175781,2223442
2023-03-03,96.9000015258789,97.30000305175781,96.5,97.19999694824219,1337703
2023-03-06,97.5999984741211,98.19999694824219,97.4000015258789,98.19999694824219,2584532
2023-03-07,98.0999984741211,98.30000305175781,97.69999694824219,98.19999694824219,1873182
2023-03-08,97.9000015258789,98.5999984741211,97.80000305175781,98.5999984741211,2694570
2023-03-09,98.5999984741211,98.69999694824219,98.19999694824219,98.5,2471772
2023-03-10,98.19999694824219,98.19999694824219,97.0999984741211,97.80000305175781,3929539
2023-03-13,97.5,98.4000015258789,97.30000305175781,98.0,3564497
2023-03-14,97.0,98.30000305175781,96.80000305175781,97.69999694824219,4261793
2023-03-15,97.80000305175781,98.19999694824219,97.5999984741211,97.80000305175781,3572011
2023-03-16,98.0,98.5,97.5,98.4000015258789,2676642
2023-03-17,98.4000015258789,99.69999694824219,98.0999984741211,99.0,7962872
2023-03-20,99.4000015258789,99.4000015258789,98.30000305175781,99.4000015258789,1938919
2023-03-21,99.0999984741211,99.69999694824219,98.5,98.5,2220655
2023-03-22,99.0,99.5,98.69999694824219,99.0999984741211,2003397
2023-03-23,99.4000015258789,99.69999694824219,99.0,99.5,2184781
2023-03-24,99.69999694824219,100.5,99.0,100.5,2462745
2023-03-27,100.5,100.5,99.9000015258789,100.5,1874147
2023-03-28,100.5,100.5,99.80000305175781,100.0,3182861
2023-03-29,100.0,100.5,100.0,100.5,2240553
2023-03-30,100.5,101.0,100.0,101.0,2044637
2023-03-31,101.0,101.5,101.0,101.0,1977547
2023-04-06,101.0,101.5,100.0,101.5,3520181
2023-04-07,101.5,102.0,101.5,101.5,1533566
2023-04-10,101.5,103.0,101.5,103.0,3103662
2023-04-11,103.0,104.0,103.0,104.0,3137201
2023-04-12,104.0,104.0,103.0,104.0,3751493
2023-04-13,104.0,104.0,103.0,103.5,2479709
2023-04-14,103.5,105.0,103.0,105.0,2621467
2023-04-17,105.0,105.0,104.0,105.0,2900451
2023-04-18,105.0,105.5,104.5,105.0,2152034
2023-04-19,105.0,105.0,104.0,104.0,2915832
2023-04-20,104.0,104.0,101.5,103.0,6087677
2023-04-21,102.0,103.0,102.0,102.5,3945446
2023-04-24,103.0,103.5,102.5,103.0,1714168
2023-04-25,103.5,104.0,102.5,103.0,2955451
2023-04-26,103.0,104.0,103.0,104.0,4861368
2023-04-27,103.5,104.0,103.0,103.5,2568698
2023-04-28,103.5,104.0,103.0,103.5,1443670
2023-05-02,104.0,104.0,102.5,103.0,2129465
2023-05-03,103.5,103.5,102.5,103.0,1718373
2023-05-04,103.5,105.0,102.5,104.5,4668234
2023-05-05,104.0,104.5,103.5,104.5,3481055
2023-05-08,104.5,104.5,103.5,104.0,2147550
2023-05-09,104.0,104.0,103.0,103.5,3098152
2023-05-10,103.5,104.0,103.0,103.5,3093564
2023-05-11,103.5,103.5,103.0,103.5,1414853
2023-05-12,103.0,103.5,102.5,103.0,2341908
2023-05-15,102.5,103.5,102.0,103.5,2207170
2023-05-16,103.5,104.0,103.0,103.5,2857634
2023-05-17,103.5,105.0,103.0,104.5,5922592
2023-05-18,104.5,105.0,104.0,104.0,3132663
2023-05-19,104.0,104.5,103.5,104.0,4367240
2023-05-22,104.0,104.0,103.0,104.0,3761502
2023-05-23,104.0,104.0,102.5,104.0,4354202
2023-05-24,103.5,104.0,102.5,104.0,4000661
2023-05-25,103.5,104.0,102.0,102.5,6896854
2023-05-26,102.0,103.0,102.0,103.0,5134034
2023-05-29,103.0,103.5,102.0,103.0,4346351
2023-05-30,103.0,103.5,102.0,103.5,6561575
2023-05-31,103.5,103.5,102.5,103.5,17136155
2023-06-01,103.5,103.5,102.5,103.0,3725350
2023-06-02,103.0,104.5,103.0,104.0,4916440
2023-06-05,104.0,104.5,103.0,103.5,2440991
2023-06-06,103.5,104.5,103.5,104.0,4681213
2023-06-07,104.5,104.5,103.5,104.0,3135745
2023-06-08,103.5,104.0,103.0,103.5,2096328
2023-06-09,104.0,104.0,103.0,103.0,1900040
2023-06-12,103.0,103.5,102.5,102.5,3286327
2023-06-13,102.5,103.5,102.5,103.0,4295869
2023-06-14,103.5,103.5,102.5,102.5,2797551
2023-06-15,103.0,103.0,102.5,103.0,5547395
2023-06-16,103.0,103.5,102.5,102.5,6395667
2023-06-19,102.5,103.5,102.5,103.5,3578154
2023-06-20,103.5,103.5,102.5,102.5,4644462
2023-06-21,103.0,103.0,101.5,101.5,5468259
2023-06-26,101.5,101.5,100.5,101.0,4512208
2023-06-27,101.0,101.0,100.0,100.0,5000492
2023-06-28,100.0,100.5,99.9000015258789,100.0,4851169
2023-06-29,100.5,101.0,100.0,100.5,6774810
2023-06-30,96.30000305175781,97.0999984741211,95.5999984741211,95.5999984741211,9944762
2023-07-03,95.80000305175781,96.0999984741211,94.9000015258789,95.0,6834806
2023-07-04,95.0,95.0,94.4000015258789,94.5,5688474
2023-07-05,94.5,95.5,94.0,94.0999984741211,4712120
2023-07-06,94.0,94.30000305175781,93.5,93.5999984741211,5180804
2023-07-07,93.80000305175781,94.0999984741211,93.0999984741211,93.5,3859341
2023-07-10,93.9000015258789,94.19999694824219,93.30000305175781,93.5,3848184
2023-07-11,94.19999694824219,94.5999984741211,94.0999984741211,94.4000015258789,2208088
2023-07-12,94.4000015258789,94.4000015258789,93.80000305175781,94.19999694824219,3459272
2023-07-13,94.69999694824219,94.69999694824219,93.80000305175781,93.80000305175781,3389365
2023-07-14,94.4000015258789,95.30000305175781,94.0999984741211,95.0999984741211,3759871
2023-07-17,95.5999984741211,95.5999984741211,94.4000015258789,94.5,2785749
2023-07-18,94.5,95.0,93.9000015258789,94.0999984741211,3477773
2023-07-19,94.0999984741211,94.5,93.80000305175781,94.19999694824219,3056457
2023-07-20,94.5999984741211,94.5999984741211,94.0999984741211,94.4000015258789,2672730
2023-07-21,94.5999984741211,94.5999984741211,94.0999984741211,94.0999984741211,2089800
2023-07-24,94.30000305175781,94.4000015258789,93.9000015258789,93.9000015258789,2905638
2023-07-25,94.30000305175781,94.5,94.0,94.5,1904837
2023-07-26,94.69999694824219,94.69999694824219,94.19999694824219,94.5,2343323
2023-07-27,94.69999694824219,95.0,94.5999984741211,94.9000015258789,1930613
2023-07-28,94.9000015258789,95.0999984741211,94.69999694824219,95.0,2150115
2023-07-31,95.30000305175781,95.4000015258789,94.4000015258789,94.4000015258789,5097334
2023-08-01,94.5999984741211,95.0,94.5,94.9000015258789,2400951
2023-08-02,94.9000015258789,94.9000015258789,94.0,94.0999984741211,4223561
2023-08-04,94.19999694824219,94.30000305175781,94.0,94.0999984741211,2031055
2023-08-07,94.30000305175781,94.5,94.0999984741211,94.0999984741211,2305044
2023-08-08,94.0999984741211,94.19999694824219,93.80000305175781,93.80000305175781,4811724
2023-08-09,93.9000015258789,94.0,93.5999984741211,93.80000305175781,3728365
2023-08-10,93.80000305175781,94.4000015258789,93.5999984741211,94.0999984741211,3211547
2023-08-11,94.0,94.5999984741211,94.0,94.30000305175781,1928210
2023-08-14,94.30000305175781,94.4000015258789,93.80000305175781,93.80000305175781,2170374
2023-08-15,93.9000015258789,94.30000305175781,93.69999694824219,93.69999694824219,1912283
2023-08-16,93.69999694824219,94.19999694824219,93.5,93.9000015258789,2493500
2023-08-17,93.5999984741211,93.9000015258789,93.5999984741211,93.80000305175781,3079771
2023-08-18,94.0,94.0999984741211,93.80000305175781,93.9000015258789,1941275
2023-08-21,94.0999984741211,94.0999984741211,93.80000305175781,94.0,2243765
2023-08-22,94.0,94.0,93.19999694824219,93.5,3619372
2023-08-23,93.5,93.5999984741211,93.30000305175781,93.5,2364122
2023-08-24,93.5,93.9000015258789,93.4000015258789,93.5999984741211,2099835
2023-08-25,93.5999984741211,94.19999694824219,93.30000305175781,93.30000305175781,2478002
2023-08-28,93.4000015258789,93.5999984741211,93.30000305175781,93.5999984741211,1390663
2023-08-29,93.5999984741211,94.0999984741211,93.5,94.0999984741211,1698545
2023-08-30,94.0999984741211,94.4000015258789,93.69999694824219,94.0999984741211,2481867
2023-08-31,94.0999984741211,94.0999984741211,93.19999694824219,93.19999694824219,7527132
2023-09-01,93.80000305175781,94.0,93.5,93.9000015258789,1654328
2023-09-04,93.80000305175781,94.0,93.5999984741211,94.0,2061937
2023-09-05,94.0,94.0,93.5999984741211,93.5999984741211,1760509
2023-09-06,94.0,94.0,93.4000015258789,93.4000015258789,2372906
2023-09-07,93.4000015258789,93.5999984741211,93.19999694824219,93.30000305175781,2785129
2023-09-08,93.4000015258789,93.69999694824219,93.0999984741211,93.5,2597856
2023-09-11,93.69999694824219,94.0,93.4000015258789,94.0,2161824
2023-09-12,94.0,94.5999984741211,93.9000015258789,94.5999984741211,2866793
2023-09-13,94.69999694824219,94.80000305175781,94.4000015258789,94.69999694824219,1299940
2023-09-14,94.9000015258789,95.0,94.69999694824219,95.0,2274191
2023-09-15,95.0,96.0,94.69999694824219,95.5999984741211,6403973
2023-09-18,95.5999984741211,95.69999694824219,95.0,95.19999694824219,1189573
2023-09-19,95.19999694824219,95.69999694824219,94.80000305175781,95.5,1309120
2023-09-20,95.5,95.5,95.0,95.0,1845457
2023-09-21,94.69999694824219,94.69999694824219,93.5999984741211,93.80000305175781,4846893
2023-09-22,93.80000305175781,94.19999694824219,93.69999694824219,93.69999694824219,2365479
2023-09-25,94.0,94.5,93.9000015258789,94.0,1849905
2023-09-26,93.80000305175781,94.5999984741211,93.80000305175781,94.5999984741211,2290309
2023-09-27,94.69999694824219,94.69999694824219,93.80000305175781,93.9000015258789,1962445
2023-09-28,94.30000305175781,94.5999984741211,94.0999984741211,94.5999984741211,1392887
2023-10-02,94.5999984741211,94.5999984741211,94.0,94.19999694824219,1851018
2023-10-03,94.0,94.0,93.80000305175781,93.9000015258789,1379481
2023-10-04,93.80000305175781,93.9000015258789,93.5,93.5,2574894
2023-10-05,94.0,94.5,93.80000305175781,94.4000015258789,2271242
2023-10-06,94.5999984741211,94.5999984741211,93.9000015258789,94.19999694824219,1590862
2023-10-11,95.30000305175781,95.9000015258789,94.5999984741211,95.9000015258789,6849323
2023-10-12,96.0999984741211,96.19999694824219,95.30000305175781,96.19999694824219,3856048
2023-10-13,95.4000015258789,95.80000305175781,94.80000305175781,95.5999984741211,4120179
2023-10-16,95.5999984741211,96.0999984741211,95.0,95.80000305175781,4761248
2023-10-17,95.9000015258789,96.19999694824219,95.0999984741211,95.4000015258789,6892075
2023-10-18,95.9000015258789,96.19999694824219,95.19999694824219,95.5999984741211,9507797
2023-10-19,95.0999984741211,95.5999984741211,94.5999984741211,94.9000015258789,5423032
2023-10-20,94.5,95.0,94.19999694824219,94.19999694824219,5754653
2023-10-23,94.5,94.5999984741211,94.0999984741211,94.4000015258789,2332181
2023-10-24,94.4000015258789,95.0,94.30000305175781,94.80000305175781,2517013
2023-10-25,94.9000015258789,95.0999984741211,94.5999984741211,94.9000015258789,2998448
2023-10-26,94.80000305175781,95.4000015258789,94.4000015258789,94.80000305175781,3238484
2023-10-27,94.9000015258789,95.5,94.9000015258789,95.5,3053677
2023-10-30,95.5999984741211,95.69999694824219,94.69999694824219,95.0,3651373
2023-10-31,94.80000305175781,95.80000305175781,94.80000305175781,95.80000305175781,3726013
2023-11-01,95.69999694824219,96.5,95.5999984741211,96.30000305175781,4870947
2023-11-02,96.5,97.0,96.19999694824219,96.5999984741211,4395792
2023-11-03,96.5999984741211,97.0,96.5,97.0,3654670
2023-11-06,97.4000015258789,97.69999694824219,97.0999984741211,97.69999694824219,5136686
2023-11-07,97.69999694824219,97.80000305175781,97.0999984741211,97.19999694824219,3215358
2023-11-08,97.69999694824219,98.4000015258789,97.30000305175781,98.30000305175781,3881335
2023-11-09,98.30000305175781,98.69999694824219,98.0,98.4000015258789,3460326
2023-11-10,98.30000305175781,98.30000305175781,97.80000305175781,97.9000015258789,2183313
2023-11-13,97.9000015258789,98.0,96.69999694824219,97.0999984741211,3431237
2023-11-14,97.5999984741211,97.5999984741211,97.0999984741211,97.30000305175781,2011045
2023-11-15,98.30000305175781,98.4000015258789,97.19999694824219,97.5,4532295
2023-11-16,98.0,98.0999984741211,97.4000015258789,98.0,3814287
2023-11-17,98.0,98.4000015258789,97.4000015258789,97.69999694824219,3755759
2023-11-20,98.0999984741211,98.0999984741211,97.30000305175781,97.69999694824219,2220013
2023-11-21,97.69999694824219,98.5,97.5,98.30000305175781,4959852
2023-11-22,98.4000015258789,98.5999984741211,98.0999984741211,98.30000305175781,3676766
2023-11-23,98.0,98.80000305175781,97.9000015258789,98.4000015258789,3817780
2023-11-24,98.4000015258789,99.19999694824219,98.19999694824219,98.30000305175781,7007810
2023-11-27,98.30000305175781,99.69999694824219,98.30000305175781,98.5,7675326
2023-11-28,98.9000015258789,99.30000305175781,98.4000015258789,98.4000015258789,7643436
2023-11-29,98.80000305175781,99.4000015258789,98.80000305175781,98.9000015258789,7144204
2023-11-30,98.9000015258789,99.4000015258789,98.4000015258789,98.4000015258789,9799540
2023-12-01,98.5,99.30000305175781,98.4000015258789,99.19999694824219,5868186
2023-12-04,99.0999984741211,101.0,99.0999984741211,99.80000305175781,9224025
2023-12-05,100.5,101.0,100.0,100.5,6953640
2023-12-06,101.0,101.5,100.0,100.0,4873323
2023-12-07,100.0,100.5,99.19999694824219,99.4000015258789,2769663
2023-12-08,99.69999694824219,99.69999694824219,98.80000305175781,99.0999984741211,2602627
2023-12-11,99.0999984741211,99.19999694824219,98.0999984741211,98.5,2283845
2023-12-12,99.19999694824219,99.19999694824219,98.5,98.69999694824219,2511072
2023-12-13,99.0999984741211,99.0999984741211,98.30000305175781,98.4000015258789,1858446
2023-12-14,99.4000015258789,99.4000015258789,98.30000305175781,98.9000015258789,2650614
2023-12-15,99.19999694824219,99.19999694824219,97.80000305175781,98.4000015258789,5902462
2023-12-18,98.30000305175781,98.30000305175781,97.80000305175781,98.0999984741211,2178025
2023-12-19,97.80000305175781,98.0,97.5999984741211,98.0,2300460
2023-12-20,98.0,98.0999984741211,97.5999984741211,98.0999984741211,3117733
2023-12-21,97.5999984741211,97.80000305175781,97.30000305175781,97.5999984741211,3213832
2023-12-22,97.30000305175781,97.69999694824219,97.19999694824219,97.19999694824219,2515600
2023-12-25,97.30000305175781,97.5999984741211,97.0,97.5,1638921
2023-12-26,97.9000015258789,98.19999694824219,97.5,97.80000305175781,1833076
2023-12-27,98.0999984741211,98.5,97.69999694824219,98.30000305175781,2117655
2023-12-28,98.19999694824219,98.80000305175781,98.0999984741211,98.80000305175781,1721426
2023-12-29,98.5,98.69999694824219,97.9000015258789,98.5999984741211,2602561
2024-01-02,98.5,99.5,98.4000015258789,99.5,2336791
2024-01-03,98.69999694824219,99.0,98.4000015258789,98.9000015258789,1866410
2024-01-04,98.9000015258789,98.9000015258789,98.19999694824219,98.9000015258789,1485645
2024-01-05,98.5999984741211,98.9000015258789,98.19999694824219,98.5,1098389
2024-01-08,98.69999694824219,99.0,98.4000015258789,99.0,1306193
2024-01-09,99.0,99.0999984741211,98.80000305175781,99.0999984741211,1376775
2024-01-10,99.30000305175781,99.30000305175781,98.5,98.80000305175781,1953383
2024-01-11,99.30000305175781,99.80000305175781,99.0,99.69999694824219,2835643
2024-01-12,100.0,100.0,99.19999694824219,99.80000305175781,1874647
2024-01-15,99.80000305175781,99.80000305175781,98.9000015258789,99.0999984741211,2049820
2024-01-16,98.5999984741211,98.69999694824219,98.0,98.0,3277554
2024-01-17,97.5999984741211,98.0,97.0999984741211,97.19999694824219,4512546
2024-01-18,97.19999694824219,97.69999694824219,97.19999694824219,97.30000305175781,2495800
2024-01-19,97.0,97.5999984741211,96.9000015258789,97.30000305175781,3670276
2024-01-22,97.80000305175781,98.0999984741211,97.30000305175781,97.5999984741211,1844144
2024-01-23,98.0,98.0,97.19999694824219,97.30000305175781,2315581
2024-01-24,97.4000015258789,98.0999984741211,97.19999694824219,97.30000305175781,2510271
2024-01-25,97.80000305175781,98.0,97.30000305175781,97.5999984741211,2076139
2024-01-26,97.4000015258789,98.4000015258789,97.4000015258789,98.4000015258789,1471135
2024-01-29,98.0,98.5999984741211,97.80000305175781,98.5999984741211,1159942
2024-01-30,98.5999984741211,98.5999984741211,97.9000015258789,98.5,2001124
2024-01-31,98.30000305175781,98.4000015258789,97.9000015258789,98.0,2061421
2024-02-01,98.5,98.80000305175781,98.0999984741211,98.69999694824219,2806175
2024-02-02,98.69999694824219,98.80000305175781,98.19999694824219,98.30000305175781,1328878
2024-02-05,97.9000015258789,98.5,97.80000305175781,98.5,1770725
2024-02-15,97.80000305175781,98.5,97.69999694824219,98.0,3281585
2024-02-16,98.0,98.0999984741211,97.69999694824219,98.0,2702575
2024-02-19,98.0,98.0999984741211,97.69999694824219,98.0,3085940
2024-02-20,98.0,98.69999694824219,98.0,98.5999984741211,1700977
2024-02-21,98.9000015258789,100.0,98.80000305175781,100.0,4427042
2024-02-22,100.0,100.0,99.5999984741211,99.9000015258789,3114132
2024-02-23,99.69999694824219,99.80000305175781,99.30000305175781,99.4000015258789,1881784
2024-02-26,99.0999984741211,99.9000015258789,99.0999984741211,99.9000015258789,2565027
2024-02-27,99.5,99.9000015258789,99.0999984741211,99.0999984741211,2851906
2024-02-29,99.0999984741211,99.30000305175781,98.5,99.0,11177863
2024-03-01,98.4000015258789,98.80000305175781,98.19999694824219,98.4000015258789,3353742
2024-03-04,98.0,98.9000015258789,98.0,98.0999984741211,2491528
2024-03-05,98.0999984741211,98.5,97.80000305175781,97.9000015258789,2846467
2024-03-06,98.4000015258789,98.69999694824219,98.0,98.5,2262653
2024-03-07,98.0,98.30000305175781,97.9000015258789,97.9000015258789,4461634
2024-03-08,97.5999984741211,98.4000015258789,97.5999984741211,98.4000015258789,2768493
2024-03-11,98.80000305175781,99.0,98.5,98.80000305175781,2026356
2024-03-12,98.80000305175781,99.19999694824219,98.5999984741211,98.9000015258789,3142499
2024-03-13,98.5999984741211,99.80000305175781,98.5999984741211,99.5999984741211,4762927
2024-03-14,99.5,99.80000305175781,99.19999694824219,99.80000305175781,3527772
2024-03-15,99.80000305175781,100.0,99.30000305175781,99.30000305175781,9289391
2024-03-18,99.30000305175781,100.0,99.30000305175781,99.5999984741211,3025859
2024-03-19,99.30000305175781,99.30000305175781,98.5,98.5,5347516
2024-03-20,98.5,99.0999984741211,98.5,98.5999984741211,4068110
2024-03-21,99.19999694824219,99.5999984741211,98.69999694824219,99.4000015258789,3191223
2024-03-22,99.80000305175781,99.9000015258789,99.4000015258789,99.9000015258789,4098959
2024-03-25,99.30000305175781,99.9000015258789,99.30000305175781,99.9000015258789,1461442
2024-03-26,99.9000015258789,101.0,99.5999984741211,100.5,5814013
2024-03-27,100.5,102.0,100.5,102.0,4771112
2024-03-28,102.5,103.5,101.5,102.0,6460089
2024-03-29,102.0,103.0,102.0,102.5,2841000
2024-04-01,103.0,104.0,102.5,104.0,5276717
2024-04-02,103.5,104.0,103.5,104.0,4979030
2024-04-03,103.0,104.0,102.5,103.0,5978185
2024-04-08,102.5,104.0,102.5,104.0,5958416
2024-04-09,103.5,104.0,103.5,104.0,3690773
2024-04-10,103.5,104.0,103.5,104.0,4126667
2024-04-11,103.5,104.0,103.0,104.0,4213306
2024-04-12,103.0,104.5,103.0,104.5,5485168
2024-04-15,104.0,104.5,104.0,104.0,4099280
2024-04-16,103.5,104.0,102.0,102.0,5009348
2024-04-17,102.5,103.0,101.5,102.0,4836894
2024-04-18,102.0,103.5,101.0,103.5,8772650
2024-04-19,102.5,102.5,101.5,102.0,9213462
2024-04-22,103.0,105.0,102.5,104.5,12441761
2024-04-23,103.5,104.5,103.0,103.0,8478747
2024-04-24,103.5,104.0,102.0,102.0,10559134
2024-04-25,102.0,103.5,102.0,102.5,5040548
2024-04-26,102.5,104.0,102.5,103.5,3823366
2024-04-29,103.5,104.0,103.0,104.0,3392259
2024-04-30,103.5,104.5,103.5,104.0,4668276
2024-05-02,104.0,104.5,103.0,104.0,6751765
2024-05-03,104.0,104.5,104.0,104.5,4822098
2024-05-06,104.5,105.0,104.0,105.0,4881538
2024-05-07,104.5,105.0,104.0,104.5,4811753
2024-05-08,105.0,105.0,104.5,105.0,4698626
2024-05-09,104.5,105.0,104.5,105.0,3560984
2024-05-10,105.0,105.0,104.5,105.0,4461456
2024-05-13,105.0,105.5,105.0,105.5,2349176
2024-05-14,105.5,105.5,104.5,104.5,3151975
2024-05-15,105.0,105.5,105.0,105.0,3873682
2024-05-16,105.5,106.0,105.0,105.5,6246289
2024-05-17,105.5,106.0,105.5,106.0,2855012
2024-05-20,106.0,106.5,105.5,106.0,5535543
2024-05-21,106.0,106.0,105.0,105.5,4105380
2024-05-22,106.0,107.0,105.5,107.0,7415387
2024-05-23,106.0,107.5,106.0,107.0,5645925
2024-05-24,107.0,107.0,106.0,106.5,3689818
2024-05-27,106.0,107.0,105.5,105.5,10115996
2024-05-28,105.5,106.0,104.5,105.0,7485924
2024-05-29,104.5,105.0,102.5,103.0,12381417
2024-05-30,102.5,105.5,102.5,104.5,9816268
2024-05-31,104.5,106.5,104.5,105.5,19492001
2024-06-03,105.5,107.5,105.0,106.5,13872968
2024-06-04,106.0,107.5,106.0,106.5,6899726
2024-06-05,106.5,107.5,106.5,107.0,5407595
2024-06-06,106.5,107.0,106.5,106.5,4965870
2024-06-07,106.5,107.5,106.5,107.0,5386232
2024-06-11,106.5,107.5,106.5,107.0,5817746
2024-06-12,106.5,107.0,106.0,106.0,3329052
2024-06-13,106.5,107.0,106.0,106.0,4104837
2024-06-14,106.5,107.5,106.5,107.5,5120705
2024-06-17,106.5,107.5,106.5,107.5,4143719
2024-06-18,107.5,107.5,107.0,107.5,3715484
2024-06-19,107.0,107.5,106.5,106.5,6174740
2024-06-20,106.5,107.0,105.5,106.5,8520419
2024-06-21,106.5,107.0,104.0,106.0,32103349
2024-06-24,106.0,107.0,105.5,107.0,6240685
2024-06-25,107.0,107.5,105.5,106.5,5565703
2024-06-26,106.0,106.5,105.5,106.0,4471047
2024-06-27,105.5,106.0,105.0,106.0,5681819
2024-06-28,106.0,108.0,105.5,107.0,41683411
2024-07-01,107.0,110.0,107.0,109.0,38873615
2024-07-02,108.0,111.5,107.5,111.5,41737192
2024-07-03,111.5,114.5,108.5,112.5,44952492
2024-07-04,111.0,112.5,109.0,111.0,40218987
2024-07-05,111.0,116.0,109.5,116.0,51295621
2024-07-08,105.0,106.5,102.0,102.5,33607342
2024-07-09,103.0,103.5,101.0,101.0,14076518
2024-07-10,101.5,102.0,100.5,102.0,11758605
2024-07-11,102.0,102.0,100.5,101.0,9430155
2024-07-12,101.0,102.0,100.5,101.0,9487022
2024-07-15,101.5,101.5,100.5,101.0,8994495
2024-07-16,101.5,102.0,100.5,101.0,8295000
2024-07-17,101.0,102.5,101.0,102.0,11717744
2024-07-18,102.5,104.5,102.0,104.0,25402344
2024-07-19,102.5,104.0,102.5,103.5,7585505
2024-07-22,103.5,104.5,102.5,103.5,11616489
2024-07-23,103.5,105.5,103.5,105.5,9108712
2024-07-26,104.5,106.0,104.0,106.0,8778370
2024-07-29,106.0,106.0,104.0,104.5,7275920
2024-07-30,104.5,105.5,103.5,105.5,9147776
2024-07-31,105.0,105.5,104.5,105.5,5304542
2024-08-01,105.0,106.0,104.5,105.5,7363692
2024-08-02,104.5,106.0,104.0,106.0,10032894
2024-08-05,104.5,106.0,102.0,106.0,26072365
2024-08-06,106.0,111.0,105.5,110.5,24809646
2024-08-07,108.0,110.0,106.5,108.0,10184192
2024-08-08,106.5,108.0,106.0,107.0,8954284
2024-08-09,106.5,107.5,106.0,107.5,7539786
2024-08-12,107.5,108.0,105.5,107.5,6502791
2024-08-13,107.5,107.5,106.0,107.5,5760595
2024-08-14,107.5,109.0,107.0,109.0,7475438
2024-08-15,109.0,109.0,107.0,108.5,7092752
2024-08-16,109.5,109.5,107.0,107.5,7873538
2024-08-19,108.0,109.5,107.5,109.5,6433125
2024-08-20,109.5,110.5,108.0,108.5,5763779
2024-08-21,109.0,110.0,108.5,110.0,5812475
2024-08-22,109.5,110.0,109.0,110.0,4645970
2024-08-23,110.5,111.5,109.5,111.5,6883087
2024-08-26,111.0,111.0,109.0,110.0,4549954
2024-08-27,109.5,112.0,109.0,112.0,5369261
2024-08-28,111.5,112.0,110.5,111.5,4831620
2024-08-29,111.5,112.0,110.5,111.0,5098126
2024-08-30,111.5,112.0,111.0,112.0,6462435
2024-09-02,112.0,113.0,111.5,113.0,4121075
2024-09-03,112.5,112.5,111.0,112.0,4895944
2024-09-04,110.0,113.0,110.0,112.0,12958431
2024-09-05,112.0,113.5,111.5,113.0,6016088
2024-09-06,112.5,115.0,112.0,115.0,6827357
2024-09-09,113.5,115.0,113.5,115.0,6974049
2024-09-10,114.0,115.0,113.5,115.0,4909213
2024-09-11,115.0,116.0,114.5,115.0,7065684
2024-09-12,116.0,116.0,114.0,115.0,7571936
2024-09-13,115.0,115.5,114.0,115.5,5280969
2024-09-16,115.5,116.0,114.5,116.0,3765164
2024-09-18,115.5,116.5,115.0,116.5,11954574
2024-09-19,116.0,117.0,115.5,116.0,12953296
2024-09-20,116.0,116.5,115.0,116.5,13182438
2024-09-23,116.5,118.5,116.5,118.5,10294840
2024-09-24,118.0,119.0,117.0,118.5,15179118
2024-09-25,118.5,119.0,114.0,116.5,18702083
2024-09-26,116.5,117.5,114.5,117.5,14898837
2024-09-27,117.5,117.5,115.5,116.5,12554105
2024-09-30,116.5,116.5,115.0,115.0,6599471
2024-10-01,115.0,115.5,113.5,115.5,9591012
2024-10-04,114.5,115.0,111.5,112.5,9812369
2024-10-07,112.5,112.5,110.5,112.5,8259083
2024-10-08,111.5,113.5,110.5,112.5,9833891
2024-10-09,112.0,113.0,111.5,113.0,4977100
2024-10-11,113.0,113.0,111.5,112.0,2829077
2024-10-14,112.0,112.5,111.0,112.5,5023651
2024-10-15,112.5,113.0,112.0,112.5,4298012
2024-10-16,112.0,112.5,111.0,112.5,5497249
2024-10-17,113.5,115.0,113.0,114.0,5350684
2024-10-18,114.0,115.0,114.0,114.5,3981667
2024-10-21,115.0,115.0,113.5,113.5,3445831
2024-10-22,113.5,114.5,112.0,114.0,4589558
2024-10-23,113.5,114.0,112.0,114.0,7238032
2024-10-24,113.0,114.0,113.0,114.0,2821746
2024-10-25,113.5,114.0,113.0,114.0,1884113
2024-10-28,113.5,114.5,113.0,113.0,2699836
2024-10-29,113.0,115.5,113.0,115.5,5060612
2024-10-30,115.5,115.5,113.5,113.5,4294395
2024-11-01,113.0,115.0,112.5,113.5,7662409
2024-11-04,113.5,115.0,113.5,114.5,4012693
2024-11-05,114.5,115.5,114.0,115.5,3869856
2024-11-06,115.0,115.0,113.5,114.0,3744742
2024-11-07,113.0,114.5,112.5,113.5,3487376
2024-11-08,113.5,114.0,112.0,113.0,3973138
2024-11-11,113.0,114.5,112.5,114.5,4052639
2024-11-12,113.5,115.0,113.5,113.5,5802626
2024-11-13,113.5,115.5,113.0,114.5,5610119
2024-11-14,114.5,115.5,114.0,114.0,5792126
2024-11-15,114.5,116.5,111.0,111.0,12696622
2024-11-18,111.0,113.0,110.5,111.0,9296613
2024-11-19,111.5,112.5,109.0,112.5,10220532
2024-11-20,112.0,112.0,112.0,112.0,7783335
2024-11-21,111.0,113.0,110.5,112.5,6543557
2024-11-22,112.5,114.0,112.5,113.0,5123711
2024-11-25,113.5,115.0,113.0,115.0,8504333
2024-11-26,114.5,115.0,113.5,113.5,2269513
2024-11-27,113.5,115.0,113.5,115.0,2825601
2024-11-28,114.5,115.0,113.0,113.0,3289293
2024-11-29,112.5,114.0,112.0,113.0,3556604
2024-12-02,113.5,115.0,113.5,114.0,3142679
2024-12-03,114.5,115.0,111.0,112.5,12808319
2024-12-04,112.0,113.0,110.5,113.0,12301831
2024-12-05,112.5,113.5,111.5,112.0,6802974
2024-12-06,112.0,114.0,112.0,113.5,6177267
2024-12-09,114.0,114.5,113.0,114.5,2798579
2024-12-10,114.0,115.0,113.0,114.0,5751655
2024-12-11,114.0,115.0,113.5,114.0,3455500
2024-12-12,114.0,115.0,113.5,114.0,3434220
2024-12-13,113.5,115.0,113.5,114.5,5473948
2024-12-16,114.5,117.0,114.5,117.0,8718715
2024-12-17,116.0,117.5,115.0,116.0,10283403
2024-12-18,115.5,116.5,115.0,116.0,8075652
2024-12-19,115.0,116.0,114.5,116.0,8925721
2024-12-20,115.5,115.5,113.0,113.0,12576624
2024-12-23,114.0,115.5,113.5,115.5,7276312
2024-12-24,115.5,115.5,113.5,114.5,7108838
2024-12-25,115.0,116.0,114.5,115.5,4909099
2024-12-26,115.5,116.0,114.0,114.5,3075737
2024-12-27,114.0,115.0,114.0,114.5,2064432
2024-12-30,114.5,115.0,113.5,113.5,2806814
2024-12-31,113.0,114.0,113.0,113.5,4216912
2025-01-02,113.5,114.0,111.5,112.5,10922086
2025-01-03,112.5,113.0,111.5,112.0,9778430
2025-01-06,112.5,113.5,112.0,113.0,10433022
2025-01-07,113.5,113.5,111.5,111.5,12312635
2025-01-08,111.5,112.0,110.5,111.0,10849962
2025-01-09,111.5,112.5,111.0,112.0,2753391
2025-01-10,112.0,112.0,111.0,111.0,3704770
2025-01-13,111.0,112.0,110.5,111.5,5939799
2025-01-14,111.5,113.0,111.0,112.5,4341335
2025-01-15,112.5,112.5,111.0,111.0,4107169
2025-01-16,111.5,112.0,110.5,111.0,5935349
2025-01-17,111.0,112.0,110.5,112.0,4827233
2025-01-20,112.0,112.5,110.5,110.5,4177781
2025-01-21,110.5,111.5,110.0,111.0,3142534
2025-01-22,111.0,111.5,110.0,110.0,4478871
2025-02-03,109.5,112.5,109.5,111.5,6042370
2025-02-04,112.0,113.0,111.5,112.5,4770039
2025-02-05,113.0,113.5,111.5,112.0,4321589
2025-02-06,112.0,113.0,111.5,112.5,3142419
2025-02-07,112.0,112.5,111.5,112.0,3090200
2025-02-10,111.5,112.5,111.5,111.5,3142177
2025-02-11,112.0,112.5,110.5,111.0,4559710
2025-02-12,111.5,113.0,111.5,112.5,5580175
2025-02-13,113.0,113.5,111.5,112.0,4707360
2025-02-14,112.0,113.0,111.5,112.5,4225406
2025-02-17,112.5,113.0,112.0,112.0,4062847
2025-02-18,112.0,113.0,112.0,112.5,3506412
2025-02-19,112.5,113.0,111.5,112.0,5807900
2025-02-20,112.0,113.5,112.0,112.0,4559486
2025-02-21,113.0,114.0,112.5,113.5,4596739
2025-02-24,113.0,114.5,113.0,113.5,3244422
2025-02-25,113.0,114.5,113.0,113.5,6052346
2025-02-26,114.0,114.5,113.5,113.5,6369233
2025-02-27,114.0,115.5,114.0,114.5,10044405
2025-03-03,115.0,117.0,115.0,116.5,5847398
2025-03-04,115.5,116.0,114.5,115.0,6712973
2025-03-05,115.5,116.0,115.0,115.0,4422137
2025-03-06,115.0,117.0,115.0,116.5,6737465
2025-03-07,117.0,118.0,116.5,117.0,5503619
2025-03-10,117.0,117.5,116.5,116.5,3511376
2025-03-11,115.5,117.5,115.5,116.5,6691660
2025-03-12,117.0,117.5,116.5,117.0,6108308
2025-03-13,117.0,117.5,116.0,117.0,4483470
2025-03-14,117.5,117.5,116.5,117.0,4351904
2025-03-17,117.0,117.5,115.5,116.0,6678759
2025-03-18,116.0,117.0,115.5,117.0,4354560
2025-03-19,117.0,117.0,116.0,116.5,3433106
2025-03-20,116.5,117.5,116.0,117.5,4428323
2025-03-21,117.5,118.5,117.0,118.5,8344976
2025-03-24,118.0,118.5,117.5,118.5,2810617
2025-03-25,118.5,119.0,117.0,117.0,3456686
2025-03-26,117.0,118.0,116.5,118.0,2470976
2025-03-27,117.5,118.0,117.0,118.0,2556508
2025-03-28,117.5,118.0,117.0,117.5,3542260
2025-03-31,116.0,118.0,116.0,116.5,6662769
2025-04-01,116.5,117.5,116.0,116.0,5911374
2025-04-02,116.0,116.5,115.5,116.0,4751015
2025-04-07,109.5,113.5,109.0,113.0,15306361
2025-04-08,115.0,116.0,110.0,113.0,24951009
2025-04-09,111.5,119.0,111.0,115.0,34874983
2025-04-10,116.0,120.5,114.0,119.0,27030500
2025-04-11,119.0,120.0,116.5,117.0,17067908
2025-04-14,116.5,118.0,115.0,115.0,10171246
2025-04-15,115.0,116.0,114.0,114.5,11536479
2025-04-16,114.5,118.5,114.5,118.0,19572095
2025-04-17,117.5,117.5,114.5,114.5,12339529
2025-04-18,115.5,115.5,113.5,113.5,6101676
2025-04-21,113.0,115.5,113.0,113.5,7909524
2025-04-22,113.5,114.5,112.5,113.0,5772548
2025-04-23,113.0,115.5,113.0,114.5,13139300
2025-04-24,114.0,114.5,113.5,114.0,6383056
2025-04-25,114.5,114.5,113.0,113.0,9375481
2025-04-28,113.0,113.5,112.5,112.5,4402876
2025-04-29,113.0,114.0,112.5,113.0,5401378
2025-04-30,113.0,114.5,113.0,113.5,3686856
2025-05-02,113.5,114.0,113.5,113.5,3078101
2025-05-05,113.5,115.0,113.5,114.5,5436380
2025-05-06,115.0,116.0,114.5,115.0,6321071
2025-05-07,115.5,117.0,115.0,115.5,8509648
2025-05-08,115.5,116.0,113.5,113.5,13558322
2025-05-09,113.5,114.5,113.0,113.5,7479656
2025-05-12,114.0,115.5,114.0,114.5,7365324
2025-05-13,114.5,115.0,113.5,113.5,5632318
2025-05-14,114.0,114.5,113.0,113.0,7550267
2025-05-15,113.5,115.0,113.5,114.5,9999322
2025-05-16,115.0,115.0,114.0,114.0,4263090
2025-05-19,114.0,115.0,113.5,114.0,4886785
2025-05-20,114.5,116.0,114.5,115.0,9089631
2025-05-21,115.5,116.0,115.0,115.5,6138371
2025-05-22,115.5,117.5,115.5,116.5,8807675
2025-05-23,116.5,118.0,115.5,117.0,9432605
2025-05-26,117.0,118.0,116.5,117.0,8396449
2025-05-27,117.0,118.0,115.5,116.0,12136014
2025-05-28,116.0,117.0,115.5,116.0,11572052
2025-05-29,116.5,117.0,114.0,114.0,25247844
2025-06-02,113.5,115.0,113.0,113.5,15730656
2025-06-03,114.5,114.5,112.5,112.5,28086275
2025-06-04,113.0,113.5,112.5,112.5,16167990
2025-06-05,112.5,114.5,112.5,114.0,7444767
2025-06-06,114.0,115.5,114.0,114.5,7963242
2025-06-09,114.5,115.0,114.0,114.5,3096966
2025-06-10,115.0,116.0,114.5,115.5,5332461
2025-06-11,115.0,116.0,115.0,116.0,4865594
2025-06-12,116.0,116.5,115.5,115.5,2982249
2025-06-13,115.5,117.0,115.5,116.0,5647705
2025-06-16,116.5,117.5,116.0,117.0,5272940
2025-06-17,117.5,118.0,116.5,116.5,6534162
2025-06-18,116.5,119.0,116.5,118.5,9712631
2025-06-19,117.5,118.0,117.0,117.5,5855343
2025-06-20,117.5,118.5,117.0,117.5,12744080
2025-06-23,117.5,118.0,116.0,116.5,7170170
2025-06-24,117.0,117.0,112.5,112.5,30023443
2025-06-25,112.5,116.5,112.5,116.0,22428261
2025-06-26,115.5,116.0,113.5,114.0,30104881
2025-06-27,114.5,116.0,114.0,116.0,10579072
2025-06-30,114.5,116.5,114.5,115.0,21595088
2025-07-01,116.0,116.5,114.5,114.5,19887873
2025-07-02,115.0,115.5,113.5,114.5,14803842
2025-07-03,114.5,116.0,114.0,116.0,16796214
2025-07-04,116.5,117.0,115.5,116.5,13389139
2025-07-07,116.0,116.5,113.0,113.0,27885402
2025-07-08,113.5,115.0,113.0,113.0,18132349
2025-07-09,109.0,109.5,106.0,106.5,49870987
2025-07-10,107.0,108.0,106.5,107.0,12263128
2025-07-11,107.5,107.5,106.5,107.0,12309600
2025-07-14,107.5,109.0,107.0,108.0,13900300
2025-07-15,108.0,108.5,106.5,107.0,15625698
2025-07-16,106.5,107.0,106.0,106.5,11110569
2025-07-17,107.0,107.5,106.0,106.5,7712900
2025-07-18,107.0,107.5,106.0,106.0,9145239
2025-07-21,106.5,106.5,105.0,106.5,10956295
2025-07-22,106.5,106.5,105.5,106.0,9302462
2025-07-23,106.5,107.5,106.0,107.0,8144326
2025-07-24,107.5,107.5,106.0,107.0,7518526
2025-07-25,107.0,107.5,105.5,105.5,10571376
2025-07-28,106.0,106.5,105.5,106.0,3719462
2025-07-29,106.0,107.0,105.5,106.0,4492554
2025-07-30,106.5,107.5,106.0,107.5,7239521
2025-07-31,107.0,107.5,105.5,105.5,9621900
2025-08-04,106.0,107.0,106.0,107.0,3022644
2025-08-05,106.5,107.0,106.5,106.5,2983549
2025-08-06,107.0,107.5,107.0,107.0,2624813
2025-08-07,107.0,107.5,106.0,106.5,5118197
2025-08-08,107.0,108.0,106.5,107.5,4430614
2025-08-11,107.5,108.0,106.5,106.5,5230121
2025-08-12,107.5,108.0,107.0,107.0,9277310
2025-08-13,108.0,108.0,106.5,106.5,6023197
2025-08-14,107.0,107.5,106.0,106.0,7770335
2025-08-15,106.5,107.5,106.0,107.0,4244045
2025-08-18,107.0,108.5,107.0,108.5,7612992
2025-08-19,108.5,109.0,108.0,108.0,3993509
2025-08-20,108.5,109.0,108.0,108.0,6541948
2025-08-21,109.0,109.0,108.0,108.5,6683708
2025-08-22,108.5,109.0,107.5,108.0,6208630
2025-08-25,108.5,108.5,106.5,107.0,8851780
2025-08-26,106.5,107.0,106.5,106.5,4634199
2025-08-27,106.5,107.0,106.0,106.0,5381016
2025-08-28,106.5,107.0,106.0,106.0,5216874
2025-08-29,106.5,106.5,105.5,106.5,7053373
2025-09-01,106.5,107.0,106.0,106.5,3284803
2025-09-02,107.0,107.5,106.5,107.0,3163085
2025-09-03,107.0,107.0,106.0,106.5,2842418
2025-09-04,106.5,106.5,106.0,106.5,2571217
2025-09-05,106.5,107.0,106.0,106.0,3133428
2025-09-08,106.0,107.0,106.0,107.0,4410812
2025-09-09,107.0,108.0,107.0,107.5,3277710
2025-09-10,107.0,107.5,106.5,107.0,5188172
2025-09-11,107.0,107.5,106.5,106.5,3138813
2025-09-12,107.0,107.5,106.5,107.5,3811958
2025-09-15,107.0,107.5,106.5,107.0,4366336
2025-09-16,107.5,107.5,106.0,106.5,6941119
2025-09-17,106.5,107.0,106.0,106.0,5306086
2025-09-18,106.5,106.5,106.0,106.5,5478179
2025-09-19,106.0,106.5,105.5,105.5,14093122
2025-09-22,106.5,107.0,105.5,106.0,4939471
2025-09-23,106.0,106.5,105.5,106.0,7432838
2025-09-24,106.5,107.0,106.0,106.5,5532319
2025-09-25,107.0,107.0,106.0,106.0,5231130
2025-09-26,106.5,107.0,106.0,107.0,7090547
2025-09-30,107.0,109.0,106.5,109.0,14916623
2025-10-01,108.5,109.0,107.0,108.5,11186184
2025-10-02,108.5,109.5,108.0,108.5,11163429
2025-10-03,109.0,109.0,108.0,109.0,7539944
2025-10-07,108.5,110.0,108.5,110.0,7219817
2025-10-08,110.0,111.0,109.5,110.5,8658045
2025-10-09,111.0,111.0,109.5,110.5,7418916
2025-10-13,110.0,110.5,109.0,110.5,6090362
2025-10-14,110.0,111.5,110.0,110.5,6925576
2025-10-15,110.5,111.0,108.5,109.0,10806402
2025-10-16,109.5,110.0,109.0,110.0,8582065
2025-10-17,110.0,112.0,110.0,111.5,9165665
2025-10-20,111.5,112.0,110.5,111.5,6189355
2025-10-21,111.5,111.5,111.0,111.0,2343121
2025-10-22,111.0,112.0,111.0,112.0,5596943
2025-10-23,111.5,112.5,111.0,112.5,2889978
2025-10-27,112.5,112.5,111.0,111.0,6496522
2025-10-28,111.5,112.0,110.5,111.5,5339160
2025-10-29,111.5,111.5,110.0,111.0,4278595
2025-10-30,111.0,111.0,109.0,110.0,8818688
2025-10-31,110.0,110.5,109.5,109.5,6469705
2025-11-03,110.0,111.5,109.5,110.5,6098380
2025-11-04,110.5,111.5,110.0,110.5,8493062
2025-11-05,111.0,111.0,109.0,109.5,4912595
2025-11-06,110.0,110.5,109.0,110.0,6100965
2025-11-07,110.5,111.5,109.5,111.0,7869540
2025-11-10,111.0,111.5,110.0,110.5,5700975
2025-11-11,111.0,111.0,110.0,110.0,3649986
2025-11-12,110.5,112.0,110.5,111.0,7257551
2025-11-13,110.5,111.0,108.5,108.5,12340148
2025-11-14,108.5,109.5,108.0,108.5,3538699
2025-11-17,109.0,109.5,107.5,108.0,6102620
2025-11-18,108.0,108.5,107.0,107.0,7067342
2025-11-19,108.0,108.0,106.5,106.5,6330991
2025-11-20,107.0,108.5,107.0,108.0,4118900
2025-11-21,107.5,108.5,107.0,107.0,5298521
2025-11-24,107.5,109.0,107.5,108.0,9682350
2025-11-25,108.0,109.0,107.5,107.5,8501269
2025-11-26,108.5,109.5,108.0,109.0,7058624
2025-11-27,108.5,109.0,107.5,108.5,8323863
2025-11-28,108.0,109.0,108.0,108.0,3709650
2025-12-01,108.0,108.5,107.0,107.0,3637576
2025-12-02,107.5,107.5,106.5,106.5,6172602
2025-12-03,106.5,107.0,106.0,106.0,6843962
2025-12-04,106.0,106.5,105.5,105.5,7564145
2025-12-05,105.5,106.0,105.0,105.0,6640507
2025-12-08,106.0,106.5,105.0,105.0,7405094
2025-12-09,105.0,105.5,104.0,104.5,11080874
2025-12-10,104.5,106.0,104.5,104.5,9366438
2025-12-11,105.0,106.0,105.0,106.0,7889392
2025-12-12,106.5,106.5,105.5,105.5,6143869
2025-12-15,105.5,106.0,105.0,105.0,6354035
2025-12-16,105.0,106.0,105.0,105.0,7838440
2025-12-17,105.5,105.5,104.0,104.5,8428408
2025-12-18,104.5,106.0,104.0,104.5,15609120
2025-12-19,104.5,106.5,104.0,106.0,49656401
2025-12-22,106.5,107.5,106.5,107.0,46471890
2025-12-23,107.0,107.5,106.0,106.5,38707569
2025-12-24,106.5,108.5,106.0,108.5,36638462
2025-12-26,107.5,111.5,107.0,111.5,37878415
2025-12-29,110.0,111.0,109.5,109.5,8948642
2025-12-30,108.5,110.5,108.5,110.5,8476046
2025-12-31,110.0,110.5,108.5,108.5,8621774
2026-01-02,109.0,109.5,107.0,108.0,8119296
2026-01-05,108.0,108.5,107.0,107.0,7781924
2026-01-06,107.5,108.0,106.5,107.0,7642252
2026-01-07,107.5,107.5,106.5,107.0,6268673
2026-01-08,107.0,107.5,106.5,107.0,5461251
2026-01-09,107.0,108.0,107.0,107.5,6629298
2026-01-12,107.5,108.0,106.5,107.5,7091185
2026-01-13,107.5,108.0,107.0,107.0,6228355
2026-01-14,107.0,108.0,107.0,107.5,6453026
2026-01-15,107.5,108.5,107.5,108.0,5823357
2026-01-16,108.0,108.5,107.0,108.0,4846383
2026-01-19,107.5,108.5,107.5,108.5,4839189
2026-01-20,108.5,108.5,107.5,107.5,4213287
2026-01-21,108.0,108.0,107.0,107.5,6664895
2026-01-22,107.5,108.0,107.0,107.5,5096660
2026-01-23,108.0,108.0,107.0,107.5,6418983
2026-01-26,107.5,108.0,107.0,107.5,5619136
2026-01-27,107.0,107.5,106.5,106.5,7685506
2026-01-28,106.5,107.0,106.0,106.0,6175355
2026-01-29,106.5,107.0,105.5,105.5,7089179
2026-01-30,106.0,106.0,105.5,105.5,6224663
2026-02-02,106.0,106.0,105.0,105.0,5766278
2026-02-03,105.0,105.5,105.0,105.0,3788436
2026-02-04,105.0,105.5,104.5,104.5,3898561
2026-02-05,105.0,105.5,104.5,105.0,4593535
2026-02-06,105.0,105.5,104.5,105.5,3633907
2026-02-09,105.5,106.0,105.0,105.0,5089945
2026-02-10,105.5,106.0,105.0,105.5,5067828
2026-02-11,106.0,107.0,105.5,106.5,6565350
2026-02-23,107.5,108.0,107.0,107.5,10175603
2026-02-24,107.5,108.0,107.5,108.0,8032464
2026-02-25,108.0,108.5,107.5,108.5,10088259
2026-02-26,108.5,109.0,107.5,107.5,12444987
2026-03-02,107.0,108.5,106.5,108.5,16542577
2026-03-03,108.0,109.0,107.5,108.5,11804081
2026-03-04,108.0,108.5,107.0,108.0,15794892
2026-03-05,108.0,108.5,106.5,107.5,10498882
2026-03-06,107.5,108.5,107.0,108.0,6706338
2026-03-09,106.5,107.5,106.5,107.5,10169925
2026-03-10,108.0,108.0,106.5,106.5,4359056
2026-03-11,107.0,107.5,106.0,106.0,6486990
2026-03-12,106.0,106.5,105.5,106.0,8933024
2026-03-13,106.0,107.0,106.0,106.5,8731601
2026-03-16,107.0,108.0,107.0,108.0,6205788
2026-03-17,108.5,109.5,108.0,109.5,9779626
2026-03-18,109.5,110.0,108.5,110.0,12331048
2026-03-19,109.5,109.5,108.5,109.5,5108785
2026-03-20,109.0,109.5,108.5,109.0,5671532
2026-03-23,108.0,109.5,108.0,109.0,8033228
2026-03-24,109.0,110.0,109.0,109.5,6427056
2026-03-25,109.5,110.0,109.0,109.0,8432055
2026-03-26,109.5,109.5,109.0,109.0,3427403
2026-03-27,109.0,109.5,108.5,109.5,4945614
2026-03-30,108.5,110.0,108.5,109.0,7569588
2026-03-31,109.0,109.5,108.5,109.0,7711771
2026-04-01,109.0,109.5,108.5,109.5,4617098
2026-04-02,109.5,109.5,109.0,109.5,5662131
2026-04-07,109.5,109.5,109.0,109.5,4621281
2026-04-08,109.5,109.5,108.5,109.5,7373153
2026-04-09,109.5,110.0,109.0,110.0,8222656
2026-04-10,110.0,110.0,109.5,110.0,5146145
2026-04-13,110.0,110.0,109.5,110.0,6910407
2026-04-14,110.0,110.0,109.5,110.0,7058852
2026-04-15,110.0,110.0,109.5,110.0,7559256
2026-04-16,110.0,110.0,109.5,110.0,7835526
2026-04-17,110.0,112.5,109.5,112.5,19081336
2026-04-20,112.5,115.5,112.0,113.5,24209816
2026-04-21,113.5,114.0,112.0,113.5,18916165
2026-04-22,113.5,113.5,111.5,113.0,13599233
2026-04-23,112.0,112.5,111.0,112.0,11097887
2026-04-24,112.0,113.5,111.5,113.0,22379836
2026-04-27,112.5,113.0,112.0,112.0,8103524
2026-04-28,112.5,112.5,111.0,111.0,8844392
2026-04-29,111.0,112.0,111.0,112.0,11316518
2026-04-30,111.5,112.0,111.0,111.5,7757957
2026-05-04,111.5,111.5,110.5,110.5,7397198
2026-05-05,110.5,111.0,110.0,110.5,10644849
2026-05-06,110.5,110.5,110.0,110.0,5464743
2026-05-07,110.5,110.5,110.0,110.0,6180572
2026-05-08,110.0,110.5,109.5,110.0,7853369
2026-05-11,110.0,110.5,109.5,110.0,7486422
2026-05-12,110.0,110.5,110.0,110.0,5392541
2026-05-13,110.0,113.0,109.5,112.0,20204286
2026-05-14,111.5,115.0,111.5,115.0,20297382
2026-05-15,115.0,115.5,114.5,114.5,12686599
2026-05-18,114.5,115.5,114.0,114.0,12828566
2026-05-19,114.0,117.5,113.5,116.5,26364727
2026-05-20,116.5,116.5,115.0,115.0,12456001
2026-05-21,115.0,115.0,113.0,113.5,16190499
2026-05-22,113.5,113.5,111.5,112.0,17068730
2026-05-25,112.0,112.5,111.0,111.5,14606395
2026-05-26,111.5,112.0,110.0,110.5,22455627
2026-05-27,111.0,111.5,110.0,110.0,15348191
2026-05-28,110.0,112.5,110.0,111.0,20049099
2026-05-29,111.5,112.5,111.5,111.5,21115271
2026-06-01,112.5,115.0,112.0,114.0,15371222
2026-06-02,114.0,115.5,114.0,115.5,18399448
2026-06-03,115.5,116.5,114.5,116.0,13001421
2026-06-04,116.0,117.0,115.5,116.0,7875810
2026-06-05,116.0,116.5,115.0,116.0,7011302
2026-06-08,115.0,116.0,114.0,115.0,17725512
2026-06-09,115.0,117.0,115.0,117.0,18611504
2026-06-10,116.5,118.0,116.0,118.0,12115989
2026-06-11,118.0,120.5,118.0,119.0,18502821
2026-06-12,119.0,120.5,118.5,119.5,11418672
2026-06-15,120.5,120.5,119.0,119.5,7609320
2026-06-16,119.5,121.5,119.5,120.5,10937522
2026-06-17,120.0,120.5,118.0,119.0,7683311
2026-06-18,119.0,119.5,118.5,119.0,8102491
2026-06-22,119.0,119.5,117.0,118.5,11164725
2026-06-23,118.5,119.5,118.0,119.0,7638594
2026-06-24,118.5,120.5,118.0,119.5,7750953
2026-06-25,119.5,120.5,119.0,120.0,8412754
2026-06-26,119.5,120.5,118.5,118.5,9836825
2026-06-29,119.5,120.0,118.0,118.0,13751789
2026-06-30,118.0,119.0,116.0,116.5,20190921
2026-07-01,116.5,120.0,116.5,118.0,20243143
2026-07-02,118.0,120.0,118.0,118.5,16607865
2026-07-03,119.0,120.0,116.5,116.5,18155595
2026-07-06,117.5,119.0,117.0,117.5,12323910
2026-07-07,118.0,119.5,116.5,116.5,16554300
2026-07-08,117.5,117.5,113.0,113.0,21599704
2026-07-09,107.0,108.5,106.0,108.5,50114842
2026-07-10,108.5,108.5,108.5,108.5,0
2026-07-13,111.0,111.5,108.5,109.5,19660492
2026-07-14,110.0,110.0,107.5,109.0,21836106
2026-07-15,109.0,110.0,108.5,109.0,6915152
2026-07-16,109.0,111.0,109.0,110.5,17919807
2026-07-17,110.5,113.0,110.5,111.0,30063892
2026-07-20,112.0,113.0,110.5,112.0,18705983
2026-07-21,111.5,113.5,111.5,112.0,16315243
2026-07-22,112.0,113.5,112.0,112.5,9542085
2026-07-23,113.0,113.0,111.5,112.0,12112215
2026-07-24,111.5,113.5,111.5,113.5,13622264
2026-07-27,113.5,114.0,112.5,113.5,9923746
2026-07-28,113.0,114.0,112.5,114.0,11933814
2026-07-29,114.0,115.0,112.5,113.5,16245560
2026-07-30,114.0,114.0,112.5,114.0,12019190
2026-07-31,113.5,114.5,112.5,112.5,19858902
2026-08-03,113.0,114.0,111.5,112.0,10913053
2026-08-04,111.5,112.0,110.0,111.0,10528553
2026-08-05,110.5,111.0,110.0,110.5,6471566
2026-08-06,110.5,111.5,110.0,110.5,4672796
2026-08-07,110.5,111.5,110.0,111.5,7034717
2026-08-10,111.5,111.5,109.5,110.5,9646981
2026-08-11,110.5,110.5,109.0,109.5,14337933
2026-08-12,109.5,110.0,109.0,109.5,6649034
2026-08-13,109.0,109.5,108.0,108.5,15538288
2026-08-14,108.5,108.5,107.5,108.0,9467326
2026-08-17,108.0,111.5,108.0,111.0,18578853
2026-08-18,110.5,111.5,110.0,111.0,8669105
2026-08-19,112.0,113.5,111.5,113.5,26561371
2026-08-20,113.5,115.0,113.0,115.0,18497060
2026-08-21,114.5,115.0,113.5,115.0,13250537
2026-08-24,115.0,115.0,114.0,115.0,9482348
2026-08-25,115.0,115.5,114.5,115.5,8731742
2026-08-26,115.0,115.5,114.5,115.5,9498179
2026-08-27,116.0,116.0,115.0,115.5,7756730
2026-08-28,115.5,115.5,114.5,115.5,8393728
2026-08-31,115.0,116.0,114.5,116.0,9253626
2026-09-01,115.0,116.0,113.5,115.5,12113293
2026-09-02,115.5,116.0,114.5,116.0,5650649
2026-09-03,116.0,118.0,115.5,118.0,13088667
2026-09-04,117.5,118.0,116.5,118.0,5055050
2026-09-07,118.0,118.0,116.5,117.0,4419490
2026-09-08,116.5,118.0,116.5,118.0,4436993
2026-09-09,117.5,119.5,117.0,119.5,8092272
2026-09-10,119.0,120.0,119.0,120.0,4094898
2026-09-11,119.0,121.0,119.0,121.0,5581975
2026-09-14,120.5,121.5,120.0,121.5,4571857
2026-09-15,121.5,124.5,121.0,124.0,10384759
2026-09-16,124.0,124.5,122.5,124.5,8212364
2026-09-17,124.5,124.5,122.5,124.0,5964392
2026-09-18,124.5,125.5,123.0,124.0,18088270
2026-09-21,124.0,125.0,122.5,124.5,6251188
2026-09-22,125.0,125.0,122.5,123.0,14840671
2026-09-23,123.0,123.0,121.5,123.0,6819925
2026-09-24,122.0,123.5,121.5,122.5,4874036
