date,open,high,low,close,volume
2020-01-02,49.79999923706055,50.0,49.79999923706055,50.0,4000
2020-01-03,49.0,49.0,47.0,48.5,17220
2020-01-06,49.0,49.0,49.0,49.0,10
2020-01-07,49.0,49.0,49.0,49.0,10
2020-01-08,48.5,48.70000076293945,48.5,48.70000076293945,4210
2020-01-09,49.0,49.0,49.0,49.0,10
2020-01-10,49.0,49.0,49.0,49.0,10
2020-01-13,48.209999084472656,48.209999084472656,48.209999084472656,48.209999084472656,300
2020-01-14,49.0,49.0,49.0,49.0,5000
2020-01-15,49.47999954223633,49.47999954223633,49.400001525878906,49.400001525878906,2010
2020-01-16,49.0,49.0,49.0,49.0,3000
2020-01-17,49.0,49.0,49.0,49.0,3000
2020-01-20,49.20000076293945,50.0,49.20000076293945,49.70000076293945,9060
2020-01-30,49.11000061035156,49.20000076293945,48.0,48.5,24600
2020-01-31,49.0,49.09000015258789,48.849998474121094,49.0,8560
2020-02-03,49.099998474121094,49.189998626708984,49.099998474121094,49.189998626708984,20
2020-02-04,49.0,49.20000076293945,48.810001373291016,49.20000076293945,7232
2020-02-05,51.0,51.400001525878906,51.0,51.150001525878906,26520
2020-02-06,51.0,51.400001525878906,51.0,51.150001525878906,26520
2020-02-07,50.5,50.5,50.0,50.5,1320
2020-02-10,50.400001525878906,50.47999954223633,47.79999923706055,48.5,44961
2020-02-11,49.0,49.0,49.0,49.0,1010
2020-02-12,48.88999938964844,48.9900016784668,48.88999938964844,48.9900016784668,70
2020-02-13,48.9900016784668,48.9900016784668,48.29999923706055,48.29999923706055,601
2020-02-14,48.33000183105469,48.5,48.209999084472656,48.209999084472656,4000
2020-02-17,48.0,48.0,48.0,48.0,10
2020-02-18,48.099998474121094,48.20000076293945,48.0,48.20000076293945,6020
2020-02-19,48.0,48.20000076293945,48.0,48.150001525878906,16030
2020-02-20,48.13999938964844,48.13999938964844,48.13999938964844,48.13999938964844,10
2020-02-21,48.13999938964844,48.13999938964844,48.0,48.0,1310
2020-02-24,48.13999938964844,48.13999938964844,47.79999923706055,48.0,5020
2020-02-25,48.0,48.0,48.0,48.0,10
2020-02-26,47.52000045776367,47.70000076293945,46.0,47.0,17030
2020-02-27,47.0,47.0,47.0,47.0,1010
2020-03-02,45.310001373291016,45.310001373291016,44.0,45.0,19210
2020-03-03,45.459999084472656,45.900001525878906,45.0,45.20000076293945,11010
2020-03-04,44.70000076293945,45.0,44.29999923706055,45.0,13510
2020-03-05,44.779998779296875,44.779998779296875,44.5,44.5,2000
2020-03-06,44.0,44.5,44.0,44.5,3010
2020-03-09,44.5,45.20000076293945,44.5,45.20000076293945,3020
2020-03-10,44.5,44.5,44.5,44.5,3000
2020-03-11,44.5,44.5,44.5,44.5,0
2020-03-12,44.20000076293945,44.20000076293945,43.349998474121094,43.349998474121094,9000
2020-03-13,43.349998474121094,43.349998474121094,41.31999969482422,41.31999969482422,15100
2020-03-16,41.79999923706055,41.9900016784668,40.79999923706055,40.79999923706055,3120
2020-03-17,40.0,40.0,39.5,39.5,5000
2020-03-18,39.5,39.5,39.5,39.5,3000
2020-03-19,39.5,39.5,39.5,39.5,0
2020-03-20,38.0,39.5,38.0,39.5,6120
2020-03-23,39.0,39.0,39.0,39.0,1000
2020-03-24,39.0,39.20000076293945,39.0,39.0,13000
2020-03-25,39.0,39.79999923706055,39.0,39.79999923706055,26100
2020-03-26,40.0,41.0,40.0,41.0,20250
2020-03-27,41.0,42.0,41.0,42.0,6000
2020-03-30,42.0,42.0,42.0,42.0,0
2020-03-31,42.0,42.0,42.0,42.0,0
2020-04-01,42.0,42.0,42.0,42.0,0
2020-04-06,40.5,40.5,40.0,40.400001525878906,4010
2020-04-07,40.29999923706055,40.29999923706055,40.29999923706055,40.29999923706055,1000
2020-04-08,40.0,40.29999923706055,40.0,40.0,4570
2020-04-09,40.29999923706055,40.29999923706055,39.70000076293945,40.20000076293945,6020
2020-04-10,40.29999923706055,40.29999923706055,40.0,40.0,10100
2020-04-13,40.0,40.0,39.70000076293945,40.0,7500
2020-04-14,39.70000076293945,39.900001525878906,39.04999923706055,39.20000076293945,17000
2020-04-15,39.20000076293945,39.70000076293945,39.20000076293945,39.650001525878906,8000
2020-04-16,40.0,40.20000076293945,39.5,40.20000076293945,12305
2020-04-17,40.20000076293945,41.20000076293945,40.0,41.0,27800
2020-04-20,40.0,40.25,39.0,40.25,17605
2020-04-21,40.29999923706055,41.20000076293945,40.0,40.0,38900
2020-04-22,39.79999923706055,39.79999923706055,39.0,39.400001525878906,30100
2020-04-23,39.400001525878906,39.400001525878906,39.400001525878906,39.400001525878906,0
2020-04-24,39.400001525878906,39.400001525878906,39.400001525878906,39.400001525878906,0
2020-04-27,39.400001525878906,39.400001525878906,39.400001525878906,39.400001525878906,0
2020-04-28,39.400001525878906,39.400001525878906,39.400001525878906,39.400001525878906,0
2020-04-29,39.400001525878906,39.400001525878906,39.400001525878906,39.400001525878906,0
2020-04-30,39.400001525878906,39.400001525878906,39.400001525878906,39.400001525878906,0
2020-05-04,39.400001525878906,39.400001525878906,39.400001525878906,39.400001525878906,0
2020-05-05,39.400001525878906,39.400001525878906,39.400001525878906,39.400001525878906,0
2020-05-06,39.400001525878906,39.400001525878906,39.400001525878906,39.400001525878906,0
2020-05-07,39.400001525878906,39.400001525878906,39.400001525878906,39.400001525878906,0
2020-05-08,39.400001525878906,39.400001525878906,39.400001525878906,39.400001525878906,0
2020-05-11,39.400001525878906,39.400001525878906,39.400001525878906,39.400001525878906,0
2020-05-12,39.400001525878906,39.400001525878906,39.400001525878906,39.400001525878906,0
2020-05-13,39.400001525878906,39.400001525878906,39.400001525878906,39.400001525878906,0
2020-05-14,39.400001525878906,39.400001525878906,39.400001525878906,39.400001525878906,0
2020-05-15,39.400001525878906,39.400001525878906,39.400001525878906,39.400001525878906,0
2020-05-18,39.400001525878906,39.400001525878906,39.400001525878906,39.400001525878906,0
2020-05-19,39.400001525878906,39.400001525878906,39.400001525878906,39.400001525878906,0
2020-05-20,39.400001525878906,39.400001525878906,39.400001525878906,39.400001525878906,0
2020-05-21,39.400001525878906,39.400001525878906,39.400001525878906,39.400001525878906,0
2020-05-22,39.400001525878906,39.400001525878906,39.400001525878906,39.400001525878906,0
2020-05-25,39.400001525878906,39.400001525878906,39.400001525878906,39.400001525878906,0
2020-05-26,39.400001525878906,39.400001525878906,39.400001525878906,39.400001525878906,0
2020-05-27,39.400001525878906,39.400001525878906,39.400001525878906,39.400001525878906,0
2020-05-28,39.400001525878906,39.400001525878906,39.400001525878906,39.400001525878906,0
2020-05-29,39.400001525878906,39.400001525878906,39.400001525878906,39.400001525878906,0
2020-06-01,39.400001525878906,39.400001525878906,39.400001525878906,39.400001525878906,0
2020-06-02,39.400001525878906,39.400001525878906,39.400001525878906,39.400001525878906,0
2020-06-03,39.400001525878906,39.400001525878906,39.400001525878906,39.400001525878906,0
2020-06-04,39.400001525878906,39.400001525878906,39.400001525878906,39.400001525878906,0
2020-06-05,39.400001525878906,39.400001525878906,39.400001525878906,39.400001525878906,0
2020-06-08,39.400001525878906,39.400001525878906,39.400001525878906,39.400001525878906,0
2020-06-09,39.400001525878906,39.400001525878906,39.400001525878906,39.400001525878906,0
2020-06-10,39.400001525878906,39.400001525878906,39.400001525878906,39.400001525878906,0
2020-06-11,39.400001525878906,39.400001525878906,39.400001525878906,39.400001525878906,0
2020-06-12,39.400001525878906,39.400001525878906,39.400001525878906,39.400001525878906,0
2020-06-15,39.400001525878906,39.400001525878906,39.400001525878906,39.400001525878906,0
2020-06-16,39.400001525878906,39.400001525878906,39.400001525878906,39.400001525878906,0
2020-06-17,39.400001525878906,39.400001525878906,39.400001525878906,39.400001525878906,0
2020-06-18,39.400001525878906,39.400001525878906,39.400001525878906,39.400001525878906,0
2020-06-19,39.400001525878906,39.400001525878906,39.400001525878906,39.400001525878906,0
2020-06-22,39.400001525878906,39.400001525878906,39.400001525878906,39.400001525878906,0
2020-06-23,39.400001525878906,39.400001525878906,39.400001525878906,39.400001525878906,0
2020-06-24,39.400001525878906,39.400001525878906,39.400001525878906,39.400001525878906,0
2020-06-29,39.400001525878906,39.400001525878906,39.400001525878906,39.400001525878906,0
2020-06-30,39.400001525878906,39.400001525878906,39.400001525878906,39.400001525878906,0
2020-07-01,39.400001525878906,39.400001525878906,39.400001525878906,39.400001525878906,0
2020-07-02,39.400001525878906,39.400001525878906,39.400001525878906,39.400001525878906,0
2020-07-03,39.400001525878906,39.400001525878906,39.400001525878906,39.400001525878906,0
2020-07-06,39.400001525878906,39.400001525878906,39.400001525878906,39.400001525878906,0
2020-07-07,39.400001525878906,39.400001525878906,39.400001525878906,39.400001525878906,0
2020-07-08,39.400001525878906,39.400001525878906,39.400001525878906,39.400001525878906,0
2020-07-09,39.400001525878906,39.400001525878906,39.400001525878906,39.400001525878906,0
2020-07-10,39.400001525878906,39.400001525878906,39.400001525878906,39.400001525878906,0
2020-07-13,39.400001525878906,39.400001525878906,39.400001525878906,39.400001525878906,0
2020-07-14,39.400001525878906,39.400001525878906,39.400001525878906,39.400001525878906,0
2020-07-15,39.400001525878906,39.400001525878906,39.400001525878906,39.400001525878906,0
2020-07-16,39.400001525878906,39.400001525878906,39.400001525878906,39.400001525878906,0
2020-07-17,39.400001525878906,39.400001525878906,39.400001525878906,39.400001525878906,0
2020-07-20,39.400001525878906,39.400001525878906,39.400001525878906,39.400001525878906,0
2020-07-21,39.400001525878906,39.400001525878906,39.400001525878906,39.400001525878906,0
2020-07-22,39.400001525878906,39.400001525878906,39.400001525878906,39.400001525878906,0
2020-07-23,39.400001525878906,39.400001525878906,39.400001525878906,39.400001525878906,0
2020-07-24,39.400001525878906,39.400001525878906,39.400001525878906,39.400001525878906,0
2020-07-27,56.5,56.5,51.900001525878906,55.79999923706055,350700
2020-07-28,56.5,66.5999984741211,55.79999923706055,65.30000305175781,714000
2020-07-29,65.5,73.30000305175781,64.5,66.0,593547
2020-07-30,65.5,67.0,60.0,65.0,151108
2020-07-31,64.19999694824219,67.5,63.29999923706055,65.80000305175781,150250
2020-08-03,66.30000305175781,67.30000305175781,66.0,67.30000305175781,83270
2020-08-04,67.30000305175781,68.0,67.0,68.0,99814
2020-08-05,68.0,69.69999694824219,67.19999694824219,68.0,160853
2020-08-06,68.5,68.5,67.0,68.5,124702
2020-08-07,68.0,68.0,65.0,65.30000305175781,94150
2020-08-10,65.0999984741211,65.0999984741211,60.0,60.70000076293945,190750
2020-08-11,62.0,64.30000305175781,61.5,63.5,88300
2020-08-12,64.5,66.0,64.5,65.5,83920
2020-08-13,66.5,66.5,64.19999694824219,64.5,49690
2020-08-14,65.5,65.5,62.5,63.5,50020
2020-08-17,63.5,63.79999923706055,62.70000076293945,62.79999923706055,15011
2020-08-18,63.0,63.20000076293945,62.0,62.599998474121094,48000
2020-08-19,62.5,64.0,62.0,63.70000076293945,85200
2020-08-20,63.5,65.0,63.5,64.0,120610
2020-08-21,65.0,66.0,64.5,65.30000305175781,91250
2020-08-24,66.0,68.5,65.80000305175781,68.0,225814
2020-08-25,60.900001525878906,60.900001525878906,54.0,56.5,1262507
2020-08-26,56.599998474121094,56.79999923706055,51.20000076293945,51.70000076293945,838960
2020-08-27,51.70000076293945,52.5,50.099998474121094,51.400001525878906,384500
2020-08-28,51.099998474121094,51.5,50.400001525878906,51.5,271500
2020-08-31,51.5,51.900001525878906,51.29999923706055,51.599998474121094,205130
2020-09-01,51.400001525878906,51.79999923706055,51.0,51.5,273156
2020-09-02,51.5,51.5,50.599998474121094,51.0,196567
2020-09-03,51.20000076293945,51.29999923706055,50.900001525878906,51.0,203402
2020-09-04,49.5,50.5,49.0,50.5,191280
2020-09-07,50.29999923706055,50.599998474121094,50.0,50.599998474121094,201100
2020-09-08,50.5,51.400001525878906,50.5,51.400001525878906,87070
2020-09-09,51.5,54.5,51.5,53.20000076293945,192120
2020-09-10,53.70000076293945,53.70000076293945,52.70000076293945,53.0,150030
2020-09-11,52.79999923706055,52.900001525878906,52.0,52.400001525878906,142010
2020-09-14,52.0,52.5,51.70000076293945,52.5,153200
2020-09-15,52.900001525878906,53.20000076293945,52.79999923706055,52.79999923706055,59100
2020-09-16,53.400001525878906,53.400001525878906,52.0,52.0,109100
2020-09-17,52.0,52.400001525878906,51.400001525878906,51.5,82000
2020-09-18,51.400001525878906,51.70000076293945,51.29999923706055,51.29999923706055,132030
2020-09-21,51.29999923706055,51.5,49.599998474121094,49.75,128700
2020-09-22,49.099998474121094,49.099998474121094,47.29999923706055,47.29999923706055,150387
2020-09-23,47.29999923706055,47.29999923706055,45.650001525878906,45.95000076293945,124151
2020-09-24,45.900001525878906,45.900001525878906,44.29999923706055,44.650001525878906,193000
2020-09-25,44.650001525878906,45.75,44.0,44.54999923706055,89110
2020-09-28,44.599998474121094,44.650001525878906,43.04999923706055,43.95000076293945,79000
2020-09-29,43.900001525878906,44.099998474121094,42.849998474121094,42.849998474121094,53000
2020-09-30,42.849998474121094,43.0,42.349998474121094,42.54999923706055,65000
2020-10-05,42.79999923706055,42.79999923706055,41.5,41.650001525878906,92000
2020-10-06,41.849998474121094,43.79999923706055,41.849998474121094,43.79999923706055,68170
2020-10-07,43.75,43.75,43.0,43.349998474121094,73450
2020-10-08,43.099998474121094,43.349998474121094,42.849998474121094,43.099998474121094,37003
2020-10-12,42.95000076293945,42.95000076293945,40.849998474121094,40.900001525878906,97380
2020-10-13,41.0,41.04999923706055,40.70000076293945,40.900001525878906,44000
2020-10-14,41.0,41.650001525878906,41.0,41.45000076293945,20000
2020-10-15,41.5,41.650001525878906,41.150001525878906,41.150001525878906,21000
2020-10-16,41.150001525878906,41.25,40.599998474121094,40.599998474121094,35000
2020-10-19,40.599998474121094,41.04999923706055,40.54999923706055,41.0,66000
2020-10-20,41.0,41.75,41.0,41.25,39000
2020-10-21,41.349998474121094,41.75,41.29999923706055,41.5,24000
2020-10-22,41.599998474121094,41.650001525878906,41.400001525878906,41.5,46000
2020-10-23,41.5,41.849998474121094,41.45000076293945,41.599998474121094,20000
2020-10-26,41.650001525878906,41.70000076293945,41.5,41.5,45000
2020-10-27,40.29999923706055,41.5,40.29999923706055,41.25,57415
2020-10-28,41.099998474121094,41.400001525878906,40.650001525878906,40.79999923706055,82000
2020-10-29,40.400001525878906,40.79999923706055,40.400001525878906,40.79999923706055,33000
2020-10-30,40.400001525878906,40.900001525878906,40.400001525878906,40.54999923706055,40000
2020-11-02,40.45000076293945,40.599998474121094,40.400001525878906,40.400001525878906,30000
2020-11-03,40.79999923706055,41.0,40.5,40.5,18239
2020-11-04,40.54999923706055,40.70000076293945,40.45000076293945,40.650001525878906,33030
2020-11-05,41.20000076293945,41.20000076293945,40.70000076293945,40.70000076293945,14001
2020-11-06,40.75,40.849998474121094,40.70000076293945,40.70000076293945,15235
2020-11-09,41.0,42.150001525878906,41.0,41.29999923706055,53000
2020-11-10,41.900001525878906,41.900001525878906,41.0,41.0,40000
2020-11-11,40.95000076293945,41.0,40.599998474121094,40.79999923706055,25000
2020-11-12,41.0,41.04999923706055,40.70000076293945,40.79999923706055,117000
2020-11-13,40.900001525878906,41.79999923706055,40.79999923706055,41.400001525878906,140000
2020-11-16,41.349998474121094,41.400001525878906,41.20000076293945,41.400001525878906,85000
2020-11-17,42.650001525878906,42.650001525878906,41.599998474121094,41.650001525878906,114000
2020-11-18,41.75,42.20000076293945,41.75,42.04999923706055,260000
2020-11-19,42.29999923706055,43.0,42.29999923706055,42.70000076293945,185000
2020-11-20,43.099998474121094,45.150001525878906,43.099998474121094,44.54999923706055,174000
2020-11-23,44.95000076293945,44.95000076293945,43.5,43.599998474121094,163052
2020-11-24,43.54999923706055,44.150001525878906,43.54999923706055,43.900001525878906,98000
2020-11-25,44.099998474121094,44.099998474121094,43.75,43.75,74002
2020-11-26,43.75,43.95000076293945,43.75,43.900001525878906,74319
2020-11-27,43.849998474121094,44.79999923706055,43.849998474121094,44.5,252000
2020-11-30,45.099998474121094,45.099998474121094,44.20000076293945,44.29999923706055,131020
2020-12-01,44.900001525878906,44.900001525878906,43.79999923706055,44.29999923706055,136235
2020-12-02,44.5,44.5,43.849998474121094,43.849998474121094,103002
2020-12-03,44.0,44.0,43.400001525878906,43.599998474121094,110001
2020-12-04,43.70000076293945,43.70000076293945,41.95000076293945,43.0,155002
2020-12-07,43.0,43.0,42.099998474121094,42.150001525878906,99002
2020-12-08,42.45000076293945,42.45000076293945,41.79999923706055,42.29999923706055,119000
2020-12-09,42.349998474121094,42.5,42.150001525878906,42.25,70002
2020-12-10,42.900001525878906,42.900001525878906,41.79999923706055,42.29999923706055,135000
2020-12-11,42.25,42.25,41.54999923706055,42.04999923706055,44001
2020-12-14,41.54999923706055,42.099998474121094,41.5,41.79999923706055,253001
2020-12-15,41.75,41.75,41.400001525878906,41.400001525878906,38060
2020-12-16,41.5,42.0,41.45000076293945,41.95000076293945,328235
2020-12-17,42.45000076293945,42.45000076293945,41.79999923706055,42.0,21000
2020-12-18,42.25,42.25,41.599998474121094,41.599998474121094,20001
2020-12-21,41.849998474121094,41.849998474121094,41.0,41.599998474121094,20001
2020-12-22,41.599998474121094,41.599998474121094,40.79999923706055,40.79999923706055,30181
2020-12-23,41.20000076293945,41.25,40.099998474121094,41.25,32030
2020-12-24,41.45000076293945,41.599998474121094,40.70000076293945,41.599998474121094,43000
2020-12-25,41.70000076293945,41.70000076293945,41.0,41.04999923706055,16001
2020-12-28,41.349998474121094,41.349998474121094,40.849998474121094,41.150001525878906,41010
2020-12-29,41.099998474121094,41.099998474121094,40.70000076293945,40.95000076293945,85068
2020-12-30,41.099998474121094,41.099998474121094,40.70000076293945,40.849998474121094,14010
2020-12-31,41.349998474121094,41.349998474121094,40.849998474121094,41.25,24000
2021-01-04,41.20000076293945,41.20000076293945,40.79999923706055,40.79999923706055,74010
2021-01-05,40.79999923706055,40.79999923706055,40.650001525878906,40.70000076293945,27000
2021-01-06,41.25,41.25,40.650001525878906,40.650001525878906,41000
2021-01-07,40.650001525878906,40.70000076293945,40.400001525878906,40.70000076293945,22040
2021-01-08,41.04999923706055,41.04999923706055,40.5,40.5,39000
2021-01-11,40.29999923706055,40.29999923706055,39.5,39.70000076293945,90000
2021-01-12,39.650001525878906,39.849998474121094,39.29999923706055,39.45000076293945,80025
2021-01-13,39.45000076293945,40.599998474121094,39.45000076293945,40.599998474121094,45000
2021-01-14,39.95000076293945,39.95000076293945,39.849998474121094,39.900001525878906,23000
2021-01-15,39.900001525878906,40.0,39.599998474121094,40.0,23000
2021-01-18,39.599998474121094,39.599998474121094,39.599998474121094,39.599998474121094,6000
2021-01-19,39.5,39.54999923706055,39.400001525878906,39.400001525878906,41001
2021-01-20,39.349998474121094,39.349998474121094,38.20000076293945,38.5,90086
2021-01-21,38.5,38.5,38.349998474121094,38.45000076293945,31030
2021-01-22,38.400001525878906,38.5,38.25,38.5,57000
2021-01-25,38.70000076293945,38.849998474121094,38.599998474121094,38.849998474121094,41000
2021-01-26,38.849998474121094,39.5,38.70000076293945,38.849998474121094,61000
2021-01-27,39.0,39.45000076293945,39.0,39.29999923706055,51000
2021-01-28,39.29999923706055,39.29999923706055,38.79999923706055,39.0,43000
2021-01-29,38.95000076293945,39.650001525878906,38.95000076293945,39.0,108000
2021-02-01,39.349998474121094,39.400001525878906,38.79999923706055,39.150001525878906,36000
2021-02-02,39.25,39.5,39.25,39.349998474121094,21000
2021-02-03,39.25,39.900001525878906,39.25,39.79999923706055,48000
2021-02-04,39.599998474121094,40.099998474121094,39.599998474121094,39.900001525878906,52000
2021-02-05,40.54999923706055,40.79999923706055,40.0,40.70000076293945,148000
2021-02-17,40.70000076293945,41.20000076293945,40.70000076293945,41.099998474121094,71000
2021-02-18,41.0,42.20000076293945,41.0,42.099998474121094,60000
2021-02-19,42.0,42.150001525878906,41.5,42.150001525878906,83000
2021-02-22,42.150001525878906,42.45000076293945,42.150001525878906,42.400001525878906,63000
2021-02-23,42.29999923706055,42.650001525878906,42.29999923706055,42.650001525878906,135000
2021-02-24,42.5,42.650001525878906,42.400001525878906,42.650001525878906,105000
2021-02-25,42.70000076293945,43.099998474121094,42.70000076293945,42.900001525878906,90000
2021-02-26,42.849998474121094,42.849998474121094,42.29999923706055,42.349998474121094,85000
2021-03-02,42.349998474121094,42.650001525878906,42.349998474121094,42.599998474121094,167300
2021-03-03,42.54999923706055,42.75,42.400001525878906,42.75,88000
2021-03-04,42.54999923706055,42.650001525878906,42.45000076293945,42.54999923706055,77000
2021-03-05,42.650001525878906,42.650001525878906,42.400001525878906,42.599998474121094,78000
2021-03-08,42.70000076293945,43.54999923706055,42.54999923706055,43.0,632000
2021-03-09,42.79999923706055,43.0,42.70000076293945,42.900001525878906,59000
2021-03-10,42.70000076293945,43.04999923706055,42.70000076293945,43.0,75000
2021-03-11,43.0,43.75,43.0,43.650001525878906,167000
2021-03-12,43.70000076293945,44.599998474121094,43.70000076293945,44.400001525878906,181028
2021-03-15,44.45000076293945,44.79999923706055,44.20000076293945,44.79999923706055,106003
2021-03-16,44.79999923706055,44.900001525878906,44.5,44.599998474121094,332036
2021-03-17,44.5,44.650001525878906,43.79999923706055,44.0,194002
2021-03-18,44.0,44.29999923706055,44.0,44.20000076293945,102020
2021-03-19,44.25,44.25,43.599998474121094,44.0,139100
2021-03-22,44.20000076293945,44.25,43.70000076293945,44.150001525878906,81000
2021-03-23,44.29999923706055,44.29999923706055,43.70000076293945,44.150001525878906,67000
2021-03-24,44.20000076293945,44.20000076293945,43.400001525878906,44.150001525878906,118000
2021-03-25,44.150001525878906,44.20000076293945,43.75,43.900001525878906,69000
2021-03-26,44.20000076293945,44.400001525878906,44.099998474121094,44.349998474121094,112000
2021-03-29,44.5,44.599998474121094,44.25,44.5,118001
2021-03-30,45.0,45.900001525878906,44.900001525878906,45.849998474121094,182026
2021-03-31,45.849998474121094,46.099998474121094,45.849998474121094,46.099998474121094,95000
2021-04-01,46.20000076293945,47.0,46.20000076293945,47.0,117000
2021-04-07,47.20000076293945,47.29999923706055,46.650001525878906,47.20000076293945,103002
2021-04-08,47.20000076293945,47.20000076293945,46.75,47.20000076293945,106004
2021-04-09,47.5,47.849998474121094,47.150001525878906,47.25,93002
2021-04-12,47.599998474121094,48.0,47.29999923706055,47.75,114800
2021-04-13,47.79999923706055,48.0,47.599998474121094,47.79999923706055,108000
2021-04-14,47.79999923706055,48.0,46.0,47.0,145000
2021-04-15,47.0,47.5,46.599998474121094,47.29999923706055,118000
2021-04-16,47.5,47.70000076293945,47.150001525878906,47.70000076293945,111000
2021-04-19,47.70000076293945,47.79999923706055,47.349998474121094,47.70000076293945,119002
2021-04-20,47.70000076293945,47.900001525878906,47.650001525878906,47.79999923706055,95003
2021-04-21,47.849998474121094,47.900001525878906,47.349998474121094,47.349998474121094,113003
2021-04-22,47.75,48.0,46.79999923706055,47.29999923706055,161020
2021-04-23,47.5,47.5,47.0,47.29999923706055,81001
2021-04-26,47.75,47.900001525878906,47.45000076293945,47.5,99001
2021-04-27,47.75,47.849998474121094,47.5,47.650001525878906,128001
2021-04-28,47.75,47.79999923706055,47.45000076293945,47.54999923706055,171001
2021-04-29,47.75,48.349998474121094,47.54999923706055,48.349998474121094,150000
2021-05-03,48.099998474121094,48.400001525878906,47.400001525878906,47.70000076293945,125050
2021-05-04,47.900001525878906,48.0,46.150001525878906,46.599998474121094,149001
2021-05-05,46.54999923706055,46.95000076293945,45.400001525878906,46.79999923706055,181000
2021-05-06,47.20000076293945,47.45000076293945,46.599998474121094,47.20000076293945,85000
2021-05-07,47.54999923706055,47.70000076293945,47.25,47.70000076293945,104000
2021-05-10,48.0,49.95000076293945,48.0,49.0,143003
2021-05-11,49.0,49.0,47.650001525878906,48.349998474121094,107000
2021-05-12,48.0,48.599998474121094,43.599998474121094,45.650001525878906,215017
2021-05-13,45.599998474121094,45.599998474121094,43.29999923706055,44.5,101051
2021-05-14,45.54999923706055,45.54999923706055,44.0,44.45000076293945,89050
2021-05-17,42.0,44.900001525878906,41.900001525878906,43.45000076293945,114001
2021-05-18,43.5,45.54999923706055,43.45000076293945,45.04999923706055,66000
2021-05-19,45.400001525878906,45.45000076293945,44.150001525878906,45.0,26000
2021-05-20,44.95000076293945,44.95000076293945,43.75,43.75,114001
2021-05-21,44.5,44.70000076293945,44.29999923706055,44.54999923706055,87001
2021-05-24,44.400001525878906,44.599998474121094,44.099998474121094,44.5,120001
2021-05-25,44.5,44.650001525878906,44.400001525878906,44.54999923706055,51016
2021-05-26,44.599998474121094,45.20000076293945,44.599998474121094,45.0,99000
2021-05-27,45.0,45.0,44.25,44.79999923706055,85012
2021-05-28,44.849998474121094,44.95000076293945,44.54999923706055,44.900001525878906,90002
2021-05-31,44.95000076293945,45.20000076293945,44.75,45.0,95010
2021-06-01,45.29999923706055,45.79999923706055,45.150001525878906,45.650001525878906,95000
2021-06-02,45.650001525878906,46.29999923706055,45.349998474121094,45.849998474121094,85000
2021-06-03,45.400001525878906,46.400001525878906,45.400001525878906,46.25,92000
2021-06-04,46.150001525878906,46.25,45.5,45.599998474121094,105000
2021-06-07,45.650001525878906,45.650001525878906,45.0,45.29999923706055,92001
2021-06-08,45.29999923706055,45.599998474121094,44.95000076293945,44.95000076293945,99000
2021-06-09,45.29999923706055,46.5,45.29999923706055,46.099998474121094,133000
2021-06-10,46.29999923706055,47.79999923706055,46.29999923706055,47.5,76020
2021-06-11,47.79999923706055,47.95000076293945,47.25,47.5,62000
2021-06-15,47.5,47.79999923706055,47.150001525878906,47.5,98503
2021-06-16,47.45000076293945,47.79999923706055,47.04999923706055,47.04999923706055,106000
2021-06-17,47.04999923706055,47.5,46.79999923706055,47.349998474121094,135000
2021-06-18,46.79999923706055,47.45000076293945,46.79999923706055,47.29999923706055,97055
2021-06-21,47.79999923706055,48.70000076293945,46.45000076293945,47.150001525878906,91001
2021-06-22,47.29999923706055,47.599998474121094,47.0,47.45000076293945,89000
2021-06-23,47.5,47.599998474121094,47.099998474121094,47.5,85000
2021-06-24,47.5,47.54999923706055,47.099998474121094,47.5,103018
2021-06-25,47.54999923706055,47.849998474121094,46.849998474121094,46.849998474121094,145000
2021-06-28,46.849998474121094,46.849998474121094,45.79999923706055,46.29999923706055,159000
2021-06-29,46.29999923706055,46.400001525878906,45.650001525878906,46.20000076293945,97149
2021-06-30,46.45000076293945,46.54999923706055,45.650001525878906,46.0,127004
2021-07-01,46.29999923706055,46.900001525878906,46.0,46.25,179000
2021-07-02,46.25,46.349998474121094,46.0,46.25,157000
2021-07-05,46.349998474121094,46.75,46.25,46.70000076293945,167026
2021-07-06,46.79999923706055,47.20000076293945,46.70000076293945,47.099998474121094,172067
2021-07-07,47.20000076293945,47.5,47.20000076293945,47.5,743005
2021-07-08,49.150001525878906,49.150001525878906,45.400001525878906,46.0,348200
2021-07-09,45.79999923706055,46.0,45.5,46.0,180100
2021-07-12,46.099998474121094,47.099998474121094,45.900001525878906,46.54999923706055,157100
2021-07-13,46.95000076293945,47.400001525878906,46.400001525878906,47.04999923706055,188100
2021-07-14,46.599998474121094,47.650001525878906,46.599998474121094,47.349998474121094,151000
2021-07-15,47.5,47.599998474121094,46.95000076293945,47.349998474121094,152022
2021-07-16,47.349998474121094,47.45000076293945,47.0,47.099998474121094,136093
2021-07-19,47.400001525878906,47.400001525878906,47.0,47.20000076293945,194000
2021-07-20,47.20000076293945,47.25,47.04999923706055,47.04999923706055,46018
2021-07-21,47.150001525878906,47.25,46.400001525878906,46.75,167100
2021-07-22,46.849998474121094,47.20000076293945,45.95000076293945,46.70000076293945,149101
2021-07-23,46.70000076293945,46.79999923706055,46.0,46.150001525878906,196100
2021-07-26,46.150001525878906,46.20000076293945,44.599998474121094,44.79999923706055,173182
2021-07-27,45.349998474121094,46.0,45.25,45.29999923706055,152060
2021-07-28,45.79999923706055,45.79999923706055,45.04999923706055,45.099998474121094,90070
2021-07-29,45.75,47.400001525878906,45.75,46.54999923706055,94000
2021-07-30,47.099998474121094,47.20000076293945,46.70000076293945,46.900001525878906,121000
2021-08-02,47.099998474121094,47.20000076293945,45.29999923706055,46.900001525878906,100032
2021-08-03,47.099998474121094,47.150001525878906,46.95000076293945,46.95000076293945,86001
2021-08-04,47.0,47.04999923706055,46.599998474121094,46.95000076293945,93000
2021-08-05,47.25,47.29999923706055,46.70000076293945,46.95000076293945,94042
2021-08-06,46.79999923706055,47.04999923706055,46.79999923706055,47.0,98200
2021-08-09,46.900001525878906,46.95000076293945,46.29999923706055,46.5,72751
2021-08-10,47.0,47.099998474121094,46.099998474121094,46.650001525878906,72000
2021-08-11,46.900001525878906,47.0,46.0,46.79999923706055,53851
2021-08-12,46.900001525878906,46.95000076293945,46.150001525878906,46.150001525878906,66000
2021-08-13,44.150001525878906,44.54999923706055,41.70000076293945,43.099998474121094,543000
2021-08-16,42.70000076293945,43.099998474121094,42.650001525878906,42.650001525878906,37000
2021-08-17,42.900001525878906,42.95000076293945,41.79999923706055,42.20000076293945,104001
2021-08-18,42.0,42.5,42.0,42.04999923706055,72030
2021-08-19,42.0,42.650001525878906,41.20000076293945,41.20000076293945,69150
2021-08-20,42.5,42.5,41.150001525878906,41.29999923706055,113204
2021-08-23,41.45000076293945,41.650001525878906,40.70000076293945,41.54999923706055,197000
2021-08-24,42.25,42.25,41.900001525878906,42.0,114000
2021-08-25,42.650001525878906,42.70000076293945,42.0,42.20000076293945,63144
2021-08-26,42.20000076293945,42.400001525878906,42.0,42.349998474121094,107000
2021-08-27,42.599998474121094,42.650001525878906,42.04999923706055,42.54999923706055,130000
2021-08-30,42.75,42.79999923706055,42.04999923706055,42.25,83001
2021-08-31,42.5,42.599998474121094,42.25,42.5,172050
2021-09-01,42.599998474121094,43.099998474121094,42.45000076293945,42.75,194000
2021-09-02,43.29999923706055,43.5,42.70000076293945,43.45000076293945,89000
2021-09-03,44.0,45.5,43.79999923706055,45.20000076293945,91044
2021-09-06,45.5,45.599998474121094,45.0,45.5,73000
2021-09-07,45.79999923706055,45.79999923706055,45.349998474121094,45.599998474121094,77000
2021-09-08,45.599998474121094,45.599998474121094,44.04999923706055,45.5,72000
2021-09-09,45.5,45.599998474121094,45.400001525878906,45.400001525878906,83000
2021-09-10,45.54999923706055,45.54999923706055,45.099998474121094,45.099998474121094,35000
2021-09-13,45.29999923706055,45.5,45.0,45.099998474121094,56000
2021-09-14,44.70000076293945,45.400001525878906,44.70000076293945,45.29999923706055,41000
2021-09-15,45.400001525878906,45.45000076293945,44.150001525878906,45.29999923706055,29000
2021-09-16,45.349998474121094,45.5,45.349998474121094,45.400001525878906,30000
2021-09-17,45.400001525878906,45.5,44.0,44.599998474121094,55000
2021-09-22,44.599998474121094,44.599998474121094,44.04999923706055,44.150001525878906,22000
2021-09-23,44.150001525878906,44.150001525878906,43.54999923706055,43.849998474121094,32000
2021-09-24,44.400001525878906,44.45000076293945,43.5,43.79999923706055,26000
2021-09-27,43.75,43.79999923706055,42.5,42.5,157204
2021-09-28,42.650001525878906,42.650001525878906,41.099998474121094,42.0,104000
2021-09-29,41.95000076293945,41.95000076293945,41.20000076293945,41.29999923706055,31000
2021-09-30,42.5,42.5,40.54999923706055,41.099998474121094,92100
2021-10-01,41.25,41.25,40.20000076293945,40.599998474121094,89000
2021-10-04,40.79999923706055,40.95000076293945,39.599998474121094,40.20000076293945,141050
2021-10-05,40.5,40.5,39.75,40.29999923706055,568000
2021-10-06,40.54999923706055,40.849998474121094,39.79999923706055,40.25,95000
2021-10-07,40.5,42.0,40.5,41.150001525878906,36000
2021-10-08,41.75,41.79999923706055,41.20000076293945,41.400001525878906,25000
2021-10-12,41.95000076293945,41.95000076293945,40.95000076293945,41.400001525878906,22000
2021-10-13,41.900001525878906,41.900001525878906,41.0,41.150001525878906,12000
2021-10-14,41.45000076293945,41.45000076293945,40.400001525878906,41.20000076293945,50000
2021-10-15,41.349998474121094,41.599998474121094,41.0,41.25,29000
2021-10-18,42.20000076293945,42.20000076293945,41.599998474121094,41.79999923706055,14051
2021-10-19,41.5,42.0,41.04999923706055,41.04999923706055,62000
2021-10-20,41.04999923706055,41.5,40.400001525878906,40.650001525878906,78001
2021-10-21,40.95000076293945,41.0,40.70000076293945,40.79999923706055,17020
2021-10-22,41.20000076293945,41.20000076293945,40.54999923706055,40.95000076293945,30000
2021-10-25,41.20000076293945,41.25,40.849998474121094,41.150001525878906,33000
2021-10-26,41.04999923706055,41.5,40.54999923706055,40.95000076293945,87000
2021-10-27,41.150001525878906,41.20000076293945,40.79999923706055,40.95000076293945,19000
2021-10-28,40.900001525878906,40.95000076293945,40.70000076293945,40.900001525878906,27000
2021-10-29,41.5,41.5,40.5,40.900001525878906,101000
2021-11-01,41.25,41.29999923706055,40.54999923706055,40.900001525878906,87000
2021-11-02,41.349998474121094,41.349998474121094,40.29999923706055,40.900001525878906,81000
2021-11-03,41.04999923706055,41.099998474121094,40.29999923706055,40.650001525878906,134000
2021-11-04,40.79999923706055,40.79999923706055,40.54999923706055,40.75,12000
2021-11-05,40.75,40.75,40.150001525878906,40.75,127000
2021-11-08,40.900001525878906,40.95000076293945,40.900001525878906,40.95000076293945,18000
2021-11-09,41.0,41.0,40.400001525878906,40.849998474121094,43000
2021-11-10,41.0,42.349998474121094,41.0,41.45000076293945,127000
2021-11-11,40.900001525878906,41.20000076293945,40.0,40.5,139000
2021-11-12,40.20000076293945,40.5,40.150001525878906,40.5,73000
2021-11-15,40.45000076293945,40.5,40.0,40.5,69000
2021-11-16,40.5,42.0,40.5,41.5,90013
2021-11-17,41.54999923706055,42.0,40.900001525878906,41.599998474121094,51000
2021-11-18,41.650001525878906,41.70000076293945,41.45000076293945,41.70000076293945,63000
2021-11-19,41.900001525878906,41.95000076293945,41.400001525878906,41.70000076293945,86000
2021-11-22,41.849998474121094,41.900001525878906,41.20000076293945,41.5,50000
2021-11-23,41.75,41.75,41.099998474121094,41.20000076293945,46098
2021-11-24,41.400001525878906,41.400001525878906,41.099998474121094,41.20000076293945,52000
2021-11-25,41.5,41.5,41.25,41.400001525878906,59000
2021-11-26,41.45000076293945,41.5,41.150001525878906,41.400001525878906,34000
2021-11-29,41.45000076293945,41.45000076293945,41.150001525878906,41.25,40000
2021-11-30,41.29999923706055,41.54999923706055,41.29999923706055,41.400001525878906,41000
2021-12-01,41.45000076293945,41.599998474121094,41.20000076293945,41.5,40051
2021-12-02,41.5,41.599998474121094,41.349998474121094,41.5,44000
2021-12-03,41.650001525878906,41.75,41.400001525878906,41.650001525878906,48000
2021-12-06,41.29999923706055,41.70000076293945,41.29999923706055,41.599998474121094,56000
2021-12-07,41.599998474121094,41.650001525878906,41.45000076293945,41.45000076293945,49000
2021-12-08,41.45000076293945,41.5,41.29999923706055,41.5,62000
2021-12-09,41.5,41.54999923706055,40.900001525878906,41.20000076293945,377000
2021-12-10,41.349998474121094,41.400001525878906,41.20000076293945,41.20000076293945,41000
2021-12-13,41.20000076293945,41.400001525878906,41.04999923706055,41.20000076293945,65000
2021-12-14,41.400001525878906,41.400001525878906,41.0,41.0,35000
2021-12-15,41.150001525878906,41.20000076293945,40.79999923706055,40.900001525878906,36000
2021-12-16,40.95000076293945,41.0,40.79999923706055,40.900001525878906,58000
2021-12-17,40.849998474121094,40.900001525878906,40.70000076293945,40.849998474121094,51000
2021-12-20,40.70000076293945,40.849998474121094,40.599998474121094,40.75,52000
2021-12-21,40.650001525878906,40.79999923706055,40.54999923706055,40.75,62000
2021-12-22,41.25,41.25,40.70000076293945,40.75,59000
2021-12-23,41.5,41.5,40.04999923706055,40.75,66000
2021-12-24,41.099998474121094,41.25,40.150001525878906,40.650001525878906,91000
2021-12-27,40.900001525878906,41.0,40.650001525878906,40.650001525878906,36000
2021-12-28,40.79999923706055,41.0,40.650001525878906,40.79999923706055,46000
2021-12-29,40.849998474121094,40.849998474121094,40.70000076293945,40.849998474121094,73000
2021-12-30,40.849998474121094,41.0,40.75,40.900001525878906,44112
2022-01-03,40.900001525878906,41.0,40.70000076293945,40.75,44000
2022-01-04,40.75,40.79999923706055,40.70000076293945,40.79999923706055,47178
2022-01-05,40.900001525878906,40.95000076293945,40.70000076293945,40.79999923706055,46000
2022-01-06,41.0,41.20000076293945,40.70000076293945,40.75,53000
2022-01-07,40.95000076293945,40.95000076293945,40.45000076293945,40.54999923706055,62000
2022-01-10,40.5,40.75,40.400001525878906,40.5,32000
2022-01-11,40.599998474121094,40.599998474121094,40.400001525878906,40.599998474121094,87000
2022-01-12,41.20000076293945,41.20000076293945,40.650001525878906,40.900001525878906,41000
2022-01-13,40.849998474121094,40.900001525878906,40.75,40.900001525878906,41000
2022-01-14,40.95000076293945,41.0,40.79999923706055,40.79999923706055,32000
2022-01-17,40.79999923706055,40.900001525878906,40.79999923706055,40.79999923706055,33000
2022-01-18,40.79999923706055,40.79999923706055,40.5,40.75,78000
2022-01-19,40.45000076293945,40.75,40.45000076293945,40.70000076293945,32000
2022-01-20,40.650001525878906,40.75,40.650001525878906,40.75,43000
2022-01-21,40.95000076293945,40.95000076293945,39.599998474121094,40.25,111000
2022-01-24,40.45000076293945,40.5,39.5,40.0,144000
2022-01-25,40.099998474121094,40.150001525878906,39.349998474121094,39.45000076293945,87000
2022-01-26,39.75,40.0,39.54999923706055,39.75,67000
2022-02-07,40.0,40.5,40.0,40.25,58000
2022-02-08,40.45000076293945,40.5,40.0,40.400001525878906,86000
2022-02-09,40.70000076293945,40.75,40.0,40.150001525878906,160001
2022-02-10,40.29999923706055,40.349998474121094,40.0,40.150001525878906,46000
2022-02-11,40.20000076293945,40.20000076293945,40.0,40.04999923706055,46000
2022-02-14,40.25,40.25,39.79999923706055,40.04999923706055,47000
2022-02-15,40.099998474121094,40.20000076293945,39.95000076293945,40.04999923706055,114000
2022-02-16,40.150001525878906,40.25,40.0,40.04999923706055,65000
2022-02-17,40.099998474121094,40.400001525878906,39.849998474121094,40.25,85000
2022-02-18,40.25,40.29999923706055,39.79999923706055,40.25,132000
2022-02-21,40.29999923706055,40.29999923706055,39.79999923706055,40.20000076293945,97000
2022-02-22,40.20000076293945,40.20000076293945,39.70000076293945,40.0,81000
2022-02-23,40.20000076293945,40.25,39.79999923706055,40.150001525878906,90000
2022-02-24,40.150001525878906,40.150001525878906,39.70000076293945,39.70000076293945,77000
2022-02-25,41.099998474121094,41.099998474121094,39.900001525878906,40.20000076293945,37000
2022-03-01,40.45000076293945,40.5,40.0,40.29999923706055,40000
2022-03-02,40.45000076293945,40.45000076293945,39.900001525878906,40.29999923706055,58000
2022-03-03,40.400001525878906,40.45000076293945,40.04999923706055,40.29999923706055,37007
2022-03-04,40.29999923706055,40.29999923706055,40.04999923706055,40.29999923706055,37000
2022-03-07,40.29999923706055,40.29999923706055,39.599998474121094,39.95000076293945,50000
2022-03-08,40.0,40.0,39.650001525878906,39.900001525878906,40000
2022-03-09,39.650001525878906,40.0,39.650001525878906,40.0,52000
2022-03-10,40.04999923706055,40.20000076293945,39.75,40.150001525878906,42000
2022-03-11,40.150001525878906,40.150001525878906,39.70000076293945,40.0,41000
2022-03-14,40.0,40.29999923706055,40.0,40.20000076293945,39000
2022-03-15,40.20000076293945,40.20000076293945,39.900001525878906,40.099998474121094,40000
2022-03-16,40.20000076293945,40.29999923706055,40.0,40.25,37000
2022-03-17,40.29999923706055,41.29999923706055,40.29999923706055,40.900001525878906,53000
2022-03-18,40.95000076293945,41.0,40.650001525878906,40.79999923706055,27000
2022-03-21,41.0,41.04999923706055,40.79999923706055,41.0,74000
2022-03-22,42.349998474121094,44.849998474121094,42.349998474121094,44.79999923706055,484025
2022-03-23,45.70000076293945,46.79999923706055,44.25,45.20000076293945,537000
2022-03-24,44.599998474121094,45.5,43.79999923706055,44.400001525878906,169000
2022-03-25,44.79999923706055,46.25,44.75,44.900001525878906,297000
2022-03-28,45.25,45.900001525878906,45.25,45.650001525878906,126000
2022-03-29,45.650001525878906,45.70000076293945,44.849998474121094,45.650001525878906,83099
2022-03-30,45.849998474121094,46.0,45.5,45.75,73000
2022-03-31,45.95000076293945,46.0,45.25,45.650001525878906,86101
2022-04-01,45.95000076293945,46.54999923706055,45.70000076293945,46.04999923706055,163000
2022-04-06,46.45000076293945,46.45000076293945,45.099998474121094,46.20000076293945,60014
2022-04-07,46.54999923706055,46.54999923706055,44.70000076293945,44.849998474121094,76000
2022-04-08,45.75,46.0,45.150001525878906,45.150001525878906,44000
2022-04-11,44.400001525878906,45.25,43.150001525878906,43.650001525878906,255000
2022-04-12,43.650001525878906,43.900001525878906,43.599998474121094,43.849998474121094,75050
2022-04-13,44.25,44.650001525878906,44.099998474121094,44.45000076293945,103000
2022-04-14,45.599998474121094,45.599998474121094,44.900001525878906,45.099998474121094,68000
2022-04-15,45.099998474121094,45.099998474121094,44.54999923706055,45.04999923706055,56000
2022-04-18,45.25,45.25,44.45000076293945,44.95000076293945,42000
2022-04-19,45.79999923706055,45.79999923706055,45.20000076293945,45.349998474121094,56017
2022-04-20,45.45000076293945,46.150001525878906,45.25,45.900001525878906,113020
2022-04-21,46.0,46.400001525878906,46.0,46.150001525878906,72000
2022-04-22,46.20000076293945,46.29999923706055,46.0,46.29999923706055,96000
2022-04-25,46.20000076293945,46.650001525878906,45.5,46.20000076293945,58086
2022-04-26,46.29999923706055,46.5,46.0,46.29999923706055,42000
2022-04-27,45.75,46.20000076293945,45.25,46.04999923706055,108000
2022-04-28,46.400001525878906,46.45000076293945,45.849998474121094,46.20000076293945,58000
2022-04-29,45.75,46.400001525878906,45.75,46.349998474121094,61050
2022-05-03,46.349998474121094,46.45000076293945,46.0,46.150001525878906,36000
2022-05-04,46.04999923706055,46.400001525878906,45.849998474121094,46.150001525878906,37000
2022-05-05,46.25,46.29999923706055,46.099998474121094,46.20000076293945,38000
2022-05-06,45.25,46.20000076293945,45.25,45.75,41050
2022-05-09,46.099998474121094,46.150001525878906,45.25,45.650001525878906,40000
2022-05-10,45.70000076293945,45.75,45.150001525878906,45.5,38000
2022-05-11,46.0,46.04999923706055,45.5,45.650001525878906,30000
2022-05-12,45.70000076293945,45.70000076293945,44.900001525878906,45.099998474121094,59040
2022-05-13,45.599998474121094,45.650001525878906,45.04999923706055,45.400001525878906,63000
2022-05-16,46.0,46.150001525878906,45.150001525878906,45.849998474121094,39009
2022-05-17,45.70000076293945,45.849998474121094,44.0,44.849998474121094,86000
2022-05-18,44.650001525878906,44.849998474121094,44.04999923706055,44.5,84000
2022-05-19,44.29999923706055,45.25,43.54999923706055,44.400001525878906,35000
2022-05-20,45.0,45.0,44.20000076293945,44.45000076293945,45000
2022-05-23,44.79999923706055,44.849998474121094,44.150001525878906,44.54999923706055,29000
2022-05-24,44.79999923706055,44.900001525878906,44.70000076293945,44.79999923706055,32000
2022-05-25,44.75,44.849998474121094,44.75,44.79999923706055,31050
2022-05-26,44.79999923706055,44.95000076293945,44.5,44.900001525878906,50000
2022-05-27,45.0,45.099998474121094,45.0,45.099998474121094,33000
2022-05-30,45.5,45.599998474121094,45.150001525878906,45.400001525878906,38000
2022-05-31,45.29999923706055,45.54999923706055,45.29999923706055,45.54999923706055,33000
2022-06-01,45.79999923706055,45.849998474121094,45.54999923706055,45.75,55000
2022-06-02,46.79999923706055,46.79999923706055,45.0,45.70000076293945,47000
2022-06-06,45.849998474121094,45.900001525878906,45.54999923706055,45.650001525878906,33000
2022-06-07,45.54999923706055,45.70000076293945,45.54999923706055,45.599998474121094,29000
2022-06-08,45.599998474121094,45.70000076293945,45.54999923706055,45.650001525878906,34000
2022-06-09,45.599998474121094,45.79999923706055,45.599998474121094,45.79999923706055,41000
2022-06-10,45.25,46.29999923706055,45.25,46.04999923706055,52000
2022-06-13,46.0,46.0,44.79999923706055,45.849998474121094,34000
2022-06-14,45.849998474121094,45.849998474121094,45.650001525878906,45.650001525878906,41003
2022-06-15,45.650001525878906,46.0,45.650001525878906,46.0,38000
2022-06-16,46.0,46.45000076293945,45.79999923706055,45.79999923706055,92000
2022-06-17,45.79999923706055,45.79999923706055,45.349998474121094,45.54999923706055,35000
2022-06-20,45.54999923706055,45.54999923706055,44.25,44.25,41000
2022-06-21,45.0,45.0,44.849998474121094,44.900001525878906,33000
2022-06-22,44.95000076293945,45.20000076293945,44.54999923706055,44.849998474121094,51000
2022-06-23,45.0,45.0,44.70000076293945,44.79999923706055,31000
2022-06-24,45.0,45.20000076293945,44.849998474121094,44.95000076293945,34000
2022-06-27,45.04999923706055,45.5,44.45000076293945,45.5,46000
2022-06-28,45.599998474121094,45.75,45.400001525878906,45.5,40000
2022-06-29,45.54999923706055,45.599998474121094,45.5,45.5,32000
2022-06-30,45.599998474121094,45.599998474121094,45.099998474121094,45.20000076293945,27000
2022-07-01,46.599998474121094,46.599998474121094,44.79999923706055,44.79999923706055,65000
2022-07-04,45.0,45.0,44.400001525878906,44.70000076293945,27000
2022-07-05,45.20000076293945,45.29999923706055,44.70000076293945,44.95000076293945,80000
2022-07-06,44.95000076293945,44.95000076293945,44.75,44.900001525878906,77000
2022-07-07,41.0,41.79999923706055,40.70000076293945,41.75,60000
2022-07-08,42.0,42.150001525878906,41.599998474121094,42.150001525878906,30000
2022-07-11,42.5,42.54999923706055,40.900001525878906,41.849998474121094,56000
2022-07-12,41.75,41.849998474121094,41.0,41.20000076293945,31000
2022-07-13,41.79999923706055,42.0,41.400001525878906,41.70000076293945,32000
2022-07-14,41.79999923706055,41.849998474121094,41.70000076293945,41.79999923706055,34000
2022-07-15,42.79999923706055,42.79999923706055,42.0,42.400001525878906,35000
2022-07-18,42.45000076293945,42.5,42.20000076293945,42.45000076293945,28001
2022-07-19,42.5,42.5,42.25,42.45000076293945,41000
2022-07-20,42.54999923706055,42.54999923706055,42.20000076293945,42.5,61000
2022-07-21,42.599998474121094,42.599998474121094,42.25,42.5,33000
2022-07-22,42.599998474121094,42.599998474121094,42.25,42.400001525878906,46000
2022-07-25,42.400001525878906,42.5,42.29999923706055,42.5,46000
2022-07-26,42.5,42.54999923706055,42.400001525878906,42.54999923706055,45000
2022-07-27,43.54999923706055,43.54999923706055,42.5,42.599998474121094,43000
2022-07-28,42.599998474121094,42.79999923706055,42.400001525878906,42.650001525878906,70000
2022-07-29,43.400001525878906,43.400001525878906,42.70000076293945,42.79999923706055,42000
2022-08-01,42.849998474121094,43.0,42.70000076293945,42.849998474121094,86000
2022-08-02,42.0,42.70000076293945,42.0,42.599998474121094,75000
2022-08-03,42.95000076293945,42.95000076293945,42.599998474121094,42.79999923706055,50000
2022-08-04,42.70000076293945,42.849998474121094,42.20000076293945,42.20000076293945,59000
2022-08-05,43.29999923706055,43.29999923706055,42.5,42.70000076293945,53000
2022-08-08,42.75,42.75,42.20000076293945,42.54999923706055,32000
2022-08-09,43.79999923706055,43.79999923706055,42.54999923706055,42.79999923706055,46000
2022-08-10,44.099998474121094,45.20000076293945,43.45000076293945,45.20000076293945,155054
2022-08-11,43.599998474121094,43.599998474121094,42.29999923706055,43.04999923706055,141000
2022-08-12,43.20000076293945,43.650001525878906,43.150001525878906,43.45000076293945,50000
2022-08-15,43.45000076293945,44.400001525878906,43.45000076293945,43.75,29000
2022-08-16,43.75,43.79999923706055,43.400001525878906,43.70000076293945,38000
2022-08-17,43.900001525878906,43.95000076293945,43.5,43.5,48000
2022-08-18,43.75,43.79999923706055,43.099998474121094,43.45000076293945,40000
2022-08-19,43.849998474121094,43.849998474121094,43.0,43.45000076293945,30000
2022-08-22,42.79999923706055,43.5,42.79999923706055,43.5,32000
2022-08-23,43.45000076293945,43.54999923706055,43.0,43.45000076293945,42000
2022-08-24,43.45000076293945,43.54999923706055,43.20000076293945,43.400001525878906,33000
2022-08-25,43.45000076293945,43.5,43.150001525878906,43.5,42000
2022-08-26,43.5,43.54999923706055,43.099998474121094,43.54999923706055,69000
2022-08-29,43.0,43.5,43.0,43.150001525878906,79000
2022-08-30,43.150001525878906,43.29999923706055,43.0,43.25,90000
2022-08-31,43.25,43.29999923706055,43.04999923706055,43.25,69025
2022-09-01,42.900001525878906,43.25,42.75,43.0,58000
2022-09-02,43.099998474121094,43.29999923706055,42.75,43.0,67020
2022-09-05,43.0,43.150001525878906,42.650001525878906,42.95000076293945,118020
2022-09-06,43.04999923706055,43.20000076293945,43.0,43.04999923706055,63000
2022-09-07,43.0,43.20000076293945,42.79999923706055,42.95000076293945,34020
2022-09-08,43.25,43.400001525878906,43.099998474121094,43.400001525878906,73020
2022-09-12,43.650001525878906,44.5,43.650001525878906,44.0,61000
2022-09-13,44.0,44.349998474121094,43.900001525878906,44.0,47000
2022-09-14,43.0,44.0,43.0,43.900001525878906,51000
2022-09-15,43.79999923706055,44.0,43.650001525878906,44.0,70000
2022-09-16,43.79999923706055,44.5,43.599998474121094,43.79999923706055,24000
2022-09-19,43.54999923706055,44.29999923706055,43.54999923706055,43.900001525878906,41000
2022-09-20,44.04999923706055,44.20000076293945,43.900001525878906,44.150001525878906,70009
2022-09-21,44.349998474121094,44.400001525878906,43.099998474121094,43.900001525878906,76059
2022-09-22,44.099998474121094,44.150001525878906,43.5,43.900001525878906,56000
2022-09-23,43.900001525878906,44.04999923706055,43.599998474121094,43.849998474121094,46000
2022-09-26,43.849998474121094,43.900001525878906,43.79999923706055,43.79999923706055,38000
2022-09-27,44.0,44.04999923706055,43.5,43.900001525878906,35000
2022-09-28,44.0,44.04999923706055,43.45000076293945,43.79999923706055,35000
2022-09-29,43.79999923706055,45.29999923706055,43.79999923706055,44.5,140000
2022-09-30,44.5,44.599998474121094,44.0,44.150001525878906,54150
2022-10-03,44.349998474121094,44.349998474121094,43.75,44.0,36000
2022-10-04,45.0,45.099998474121094,44.29999923706055,44.599998474121094,68000
2022-10-05,44.599998474121094,44.79999923706055,44.54999923706055,44.75,56000
2022-10-06,44.95000076293945,45.0,44.0,44.599998474121094,99000
2022-10-07,44.79999923706055,45.0,44.349998474121094,44.849998474121094,68000
2022-10-11,44.900001525878906,45.0,44.5,44.95000076293945,101000
2022-10-12,45.0,45.29999923706055,44.650001525878906,45.150001525878906,79000
2022-10-13,45.29999923706055,45.349998474121094,43.54999923706055,44.5,88000
2022-10-14,45.099998474121094,45.20000076293945,44.54999923706055,44.900001525878906,54000
2022-10-17,44.900001525878906,44.900001525878906,44.599998474121094,44.849998474121094,30001
2022-10-18,45.400001525878906,45.45000076293945,44.79999923706055,44.900001525878906,45000
2022-10-19,44.95000076293945,44.95000076293945,44.650001525878906,44.849998474121094,36088
2022-10-20,44.849998474121094,44.849998474121094,44.400001525878906,44.70000076293945,36000
2022-10-21,45.0,45.150001525878906,44.70000076293945,44.95000076293945,43000
2022-10-24,44.95000076293945,45.0,44.5,44.95000076293945,41000
2022-10-25,44.900001525878906,44.900001525878906,44.349998474121094,44.75,41000
2022-10-26,45.0,45.0,44.349998474121094,44.54999923706055,31012
2022-10-27,44.54999923706055,45.04999923706055,44.400001525878906,44.900001525878906,41222
2022-10-28,44.75,44.95000076293945,44.5,44.5,35000
2022-10-31,44.95000076293945,45.5,44.400001525878906,44.45000076293945,52000
2022-11-01,44.849998474121094,44.849998474121094,44.5,44.599998474121094,42000
2022-11-02,44.75,44.900001525878906,44.599998474121094,44.75,59000
2022-11-03,44.900001525878906,44.900001525878906,44.349998474121094,44.5,39000
2022-11-04,44.75,44.95000076293945,44.599998474121094,44.95000076293945,45000
2022-11-07,44.599998474121094,45.29999923706055,44.45000076293945,44.70000076293945,87000
2022-11-08,44.900001525878906,45.0,44.0,44.20000076293945,82067
2022-11-09,44.20000076293945,44.20000076293945,43.5,44.0,40000
2022-11-10,44.400001525878906,45.150001525878906,44.349998474121094,44.95000076293945,84000
2022-11-11,45.099998474121094,45.400001525878906,44.95000076293945,45.0,119000
2022-11-14,45.20000076293945,45.75,45.20000076293945,45.75,180023
2022-11-15,45.75,45.95000076293945,45.54999923706055,45.900001525878906,42000
2022-11-16,46.29999923706055,46.5,45.599998474121094,45.599998474121094,52000
2022-11-17,45.5,45.900001525878906,45.5,45.849998474121094,117000
2022-11-18,45.900001525878906,46.099998474121094,45.599998474121094,46.099998474121094,74013
2022-11-21,46.5,50.70000076293945,46.5,50.70000076293945,643100
2022-11-22,55.70000076293945,55.70000076293945,55.70000076293945,55.70000076293945,516000
2022-11-23,56.0,57.5,53.29999923706055,54.400001525878906,1605000
2022-11-24,54.79999923706055,55.900001525878906,54.099998474121094,55.400001525878906,319045
2022-11-25,56.20000076293945,57.0,52.70000076293945,53.400001525878906,465197
2022-11-28,53.400001525878906,54.5,52.0,52.5,253027
2022-11-29,52.0,53.400001525878906,52.0,52.900001525878906,122000
2022-11-30,53.0,53.400001525878906,52.29999923706055,53.099998474121094,118100
2022-12-01,53.20000076293945,53.70000076293945,51.5,52.400001525878906,220000
2022-12-02,52.70000076293945,54.70000076293945,51.79999923706055,54.5,232000
2022-12-05,55.0,55.0,52.5,52.5,206020
2022-12-06,52.5,53.599998474121094,51.900001525878906,53.400001525878906,144649
2022-12-07,52.29999923706055,53.79999923706055,52.29999923706055,53.400001525878906,122000
2022-12-08,53.29999923706055,58.70000076293945,53.099998474121094,58.20000076293945,988200
2022-12-09,54.099998474121094,54.099998474121094,52.400001525878906,52.400001525878906,898250
2022-12-12,51.5,51.5,47.79999923706055,47.79999923706055,588199
2022-12-13,48.45000076293945,48.79999923706055,48.0,48.400001525878906,213000
2022-12-14,48.25,48.45000076293945,48.0,48.400001525878906,84142
2022-12-15,48.5,48.5,48.150001525878906,48.20000076293945,58000
2022-12-16,48.599998474121094,48.599998474121094,48.04999923706055,48.04999923706055,70043
2022-12-19,48.04999923706055,48.099998474121094,47.20000076293945,48.04999923706055,96000
2022-12-20,47.900001525878906,48.20000076293945,47.099998474121094,47.099998474121094,101020
2022-12-21,47.20000076293945,47.29999923706055,46.45000076293945,46.5,78000
2022-12-22,46.95000076293945,47.20000076293945,46.25,47.04999923706055,66000
2022-12-23,46.54999923706055,47.04999923706055,45.0,46.45000076293945,121010
2022-12-26,46.45000076293945,46.54999923706055,45.95000076293945,46.54999923706055,65000
2022-12-27,46.75,46.75,46.20000076293945,46.650001525878906,42000
2022-12-28,46.79999923706055,46.849998474121094,46.25,46.54999923706055,40072
2022-12-29,46.79999923706055,46.79999923706055,45.95000076293945,46.099998474121094,43060
2022-12-30,46.400001525878906,46.45000076293945,46.150001525878906,46.25,47186
2023-01-03,45.849998474121094,46.29999923706055,45.5,46.099998474121094,110000
2023-01-04,46.150001525878906,46.25,45.599998474121094,45.900001525878906,69020
2023-01-05,46.0,46.20000076293945,45.900001525878906,46.20000076293945,64000
2023-01-06,46.099998474121094,48.349998474121094,46.099998474121094,48.150001525878906,169000
2023-01-09,48.79999923706055,48.79999923706055,47.54999923706055,48.150001525878906,92113
2023-01-10,48.150001525878906,48.20000076293945,47.70000076293945,48.0,47000
2023-01-11,47.79999923706055,48.0,45.79999923706055,45.95000076293945,310116
2023-01-12,45.95000076293945,46.400001525878906,45.79999923706055,46.20000076293945,67000
2023-01-13,46.599998474121094,46.650001525878906,46.29999923706055,46.45000076293945,49000
2023-01-16,46.400001525878906,46.5,46.400001525878906,46.45000076293945,33000
2023-01-17,46.54999923706055,46.599998474121094,46.150001525878906,46.45000076293945,38005
2023-01-30,47.099998474121094,47.099998474121094,46.650001525878906,47.099998474121094,55010
2023-01-31,47.099998474121094,48.20000076293945,47.099998474121094,47.900001525878906,101000
2023-02-01,47.900001525878906,48.70000076293945,47.900001525878906,48.70000076293945,126000
2023-02-02,48.900001525878906,48.900001525878906,48.599998474121094,48.900001525878906,76000
2023-02-03,48.150001525878906,48.650001525878906,48.150001525878906,48.650001525878906,80000
2023-02-06,48.29999923706055,48.599998474121094,48.099998474121094,48.150001525878906,70000
2023-02-07,48.29999923706055,48.400001525878906,47.650001525878906,48.04999923706055,116001
2023-02-08,48.54999923706055,48.599998474121094,47.5,48.04999923706055,46000
2023-02-09,48.400001525878906,48.400001525878906,47.650001525878906,48.20000076293945,59000
2023-02-10,48.5,48.599998474121094,48.20000076293945,48.25,75000
2023-02-13,47.75,48.0,46.25,46.54999923706055,206000
2023-02-14,47.20000076293945,47.20000076293945,46.54999923706055,47.150001525878906,33000
2023-02-15,47.150001525878906,47.45000076293945,47.0,47.150001525878906,108050
2023-02-16,47.349998474121094,47.5,47.150001525878906,47.25,46020
2023-02-17,47.5,47.5,47.04999923706055,47.25,50000
2023-02-20,47.95000076293945,48.400001525878906,47.95000076293945,47.95000076293945,70000
2023-02-21,48.400001525878906,48.400001525878906,47.95000076293945,48.04999923706055,41000
2023-02-22,47.95000076293945,48.0,47.650001525878906,47.650001525878906,49000
2023-02-23,47.900001525878906,47.95000076293945,47.849998474121094,47.900001525878906,44000
2023-02-24,48.0,48.099998474121094,47.650001525878906,47.650001525878906,45000
2023-03-01,47.849998474121094,47.849998474121094,47.349998474121094,47.650001525878906,71006
2023-03-02,47.79999923706055,47.849998474121094,47.45000076293945,47.79999923706055,68020
2023-03-03,48.099998474121094,48.099998474121094,47.75,47.900001525878906,42000
2023-03-06,47.900001525878906,48.75,47.900001525878906,48.5,78000
2023-03-07,48.70000076293945,49.099998474121094,48.54999923706055,48.599998474121094,60000
2023-03-08,49.0,49.0,48.599998474121094,48.900001525878906,69012
2023-03-09,49.0,50.0,49.0,49.900001525878906,136000
2023-03-10,49.79999923706055,49.900001525878906,49.29999923706055,49.900001525878906,95000
2023-03-13,49.349998474121094,49.849998474121094,47.5,49.5,84116
2023-03-14,49.5,49.5,48.79999923706055,49.04999923706055,34000
2023-03-15,49.45000076293945,49.54999923706055,48.900001525878906,49.099998474121094,43000
2023-03-16,49.20000076293945,49.20000076293945,48.5,48.95000076293945,67000
2023-03-17,49.0,49.849998474121094,48.54999923706055,49.75,64000
2023-03-20,49.900001525878906,49.900001525878906,49.099998474121094,49.599998474121094,54080
2023-03-21,49.79999923706055,50.599998474121094,49.54999923706055,50.5,95000
2023-03-22,50.5,50.70000076293945,50.0,50.5,60000
2023-03-23,50.79999923706055,53.900001525878906,50.79999923706055,51.599998474121094,393007
2023-03-24,51.900001525878906,51.900001525878906,50.900001525878906,51.0,86100
2023-03-27,51.400001525878906,51.400001525878906,50.5,50.79999923706055,108000
2023-03-28,51.0,51.70000076293945,50.900001525878906,51.20000076293945,75000
2023-03-29,52.0,53.79999923706055,51.5,53.29999923706055,291000
2023-03-30,53.599998474121094,53.599998474121094,52.70000076293945,52.70000076293945,94000
2023-03-31,53.099998474121094,53.599998474121094,52.5,53.5,122000
2023-04-06,53.79999923706055,56.70000076293945,53.599998474121094,53.900001525878906,454000
2023-04-07,53.900001525878906,54.0,52.79999923706055,53.0,146000
2023-04-10,53.29999923706055,54.900001525878906,53.29999923706055,54.29999923706055,178000
2023-04-11,54.20000076293945,54.599998474121094,53.79999923706055,54.0,89000
2023-04-12,54.099998474121094,55.79999923706055,54.099998474121094,55.400001525878906,207000
2023-04-13,54.79999923706055,55.400001525878906,54.20000076293945,54.599998474121094,182065
2023-04-14,54.20000076293945,55.0,54.20000076293945,54.900001525878906,72100
2023-04-17,54.20000076293945,55.20000076293945,54.099998474121094,55.0,96092
2023-04-18,54.599998474121094,55.099998474121094,54.599998474121094,54.70000076293945,74001
2023-04-19,54.5,54.900001525878906,54.5,54.900001525878906,95100
2023-04-20,54.599998474121094,54.79999923706055,53.599998474121094,54.20000076293945,104055
2023-04-21,54.099998474121094,54.5,52.29999923706055,52.29999923706055,150445
2023-04-24,52.0,52.900001525878906,51.0,51.79999923706055,137500
2023-04-25,52.79999923706055,52.79999923706055,51.599998474121094,52.099998474121094,88000
2023-04-26,53.0,54.099998474121094,52.599998474121094,53.900001525878906,117110
2023-04-27,54.0,55.20000076293945,53.70000076293945,54.29999923706055,95100
2023-04-28,54.29999923706055,55.0,54.0,54.70000076293945,89121
2023-05-02,54.79999923706055,55.400001525878906,54.5,55.0,128000
2023-05-03,54.900001525878906,57.79999923706055,54.900001525878906,57.29999923706055,261100
2023-05-04,57.400001525878906,58.29999923706055,56.70000076293945,57.20000076293945,140000
2023-05-05,57.29999923706055,57.5,56.29999923706055,56.400001525878906,58000
2023-05-08,56.400001525878906,58.0,56.20000076293945,57.70000076293945,115500
2023-05-09,57.79999923706055,57.900001525878906,55.599998474121094,56.599998474121094,74521
2023-05-10,56.70000076293945,56.70000076293945,55.900001525878906,56.0,47900
2023-05-11,56.5,57.0,55.29999923706055,55.5,131900
2023-05-12,55.29999923706055,55.29999923706055,52.5,54.5,166237
2023-05-15,54.400001525878906,54.5,53.0,54.20000076293945,62060
2023-05-16,54.20000076293945,54.400001525878906,53.5,54.20000076293945,100041
2023-05-17,54.20000076293945,55.400001525878906,53.5,55.0,134000
2023-05-18,54.900001525878906,58.099998474121094,54.900001525878906,57.0,270070
2023-05-19,56.900001525878906,62.70000076293945,56.900001525878906,61.900001525878906,2092002
2023-05-22,62.29999923706055,68.0,62.29999923706055,68.0,1175000
2023-05-23,68.5,68.69999694824219,61.29999923706055,62.099998474121094,2886560
2023-05-24,63.0,63.099998474121094,60.20000076293945,60.599998474121094,1055485
2023-05-25,61.20000076293945,61.20000076293945,58.5,58.5,333009
2023-05-26,58.900001525878906,59.0,55.599998474121094,56.5,476144
2023-05-29,57.099998474121094,58.099998474121094,56.70000076293945,57.70000076293945,145000
2023-05-30,57.70000076293945,58.099998474121094,56.900001525878906,57.20000076293945,149002
2023-05-31,57.5,58.0,57.20000076293945,57.29999923706055,78000
2023-06-01,56.79999923706055,57.79999923706055,56.79999923706055,57.5,70000
2023-06-02,57.29999923706055,58.5,57.29999923706055,58.099998474121094,113000
2023-06-05,57.79999923706055,60.70000076293945,57.599998474121094,58.599998474121094,201000
2023-06-06,58.599998474121094,59.0,57.5,57.79999923706055,125500
2023-06-07,57.5,58.20000076293945,57.400001525878906,57.599998474121094,72050
2023-06-08,57.70000076293945,58.0,57.400001525878906,57.400001525878906,44020
2023-06-09,57.400001525878906,57.79999923706055,57.400001525878906,57.5,50000
2023-06-12,57.5,58.099998474121094,56.5,56.70000076293945,89000
2023-06-13,56.29999923706055,57.5,56.29999923706055,57.5,102000
2023-06-14,57.20000076293945,57.5,56.900001525878906,56.900001525878906,100000
2023-06-15,56.5,57.099998474121094,56.5,56.70000076293945,50200
2023-06-16,56.400001525878906,56.70000076293945,56.400001525878906,56.70000076293945,63000
2023-06-19,56.400001525878906,56.70000076293945,56.0,56.70000076293945,66317
2023-06-20,56.29999923706055,56.400001525878906,55.5,56.099998474121094,74000
2023-06-21,55.900001525878906,56.599998474121094,55.5,56.599998474121094,94100
2023-06-26,56.0,56.5,55.900001525878906,56.29999923706055,56000
2023-06-27,56.099998474121094,56.5,55.79999923706055,55.79999923706055,100255
2023-06-28,55.900001525878906,56.70000076293945,55.900001525878906,56.29999923706055,58000
2023-06-29,56.20000076293945,57.20000076293945,56.20000076293945,56.70000076293945,69060
2023-06-30,56.5,56.599998474121094,56.20000076293945,56.20000076293945,40000
2023-07-03,56.099998474121094,56.5,56.099998474121094,56.20000076293945,56000
2023-07-04,56.099998474121094,56.5,56.099998474121094,56.400001525878906,69000
2023-07-05,56.29999923706055,57.0,56.29999923706055,56.5,45018
2023-07-06,56.29999923706055,56.79999923706055,56.099998474121094,56.099998474121094,55000
2023-07-07,55.79999923706055,56.099998474121094,54.79999923706055,55.400001525878906,149285
2023-07-10,55.099998474121094,55.099998474121094,54.20000076293945,54.20000076293945,147000
2023-07-11,54.400001525878906,54.900001525878906,54.400001525878906,54.79999923706055,56047
2023-07-12,54.599998474121094,55.599998474121094,54.29999923706055,55.29999923706055,137003
2023-07-13,52.70000076293945,53.400001525878906,51.900001525878906,52.20000076293945,110006
2023-07-14,52.20000076293945,52.599998474121094,51.5,51.599998474121094,82037
2023-07-17,50.900001525878906,51.5,50.29999923706055,51.0,116300
2023-07-18,50.900001525878906,50.900001525878906,49.95000076293945,50.099998474121094,81000
2023-07-19,49.95000076293945,50.70000076293945,49.95000076293945,50.400001525878906,65030
2023-07-20,50.29999923706055,50.599998474121094,50.0,50.400001525878906,71010
2023-07-21,50.29999923706055,50.599998474121094,49.75,49.79999923706055,95000
2023-07-24,50.0,50.20000076293945,49.70000076293945,50.099998474121094,36042
2023-07-25,50.400001525878906,50.79999923706055,50.20000076293945,50.400001525878906,40190
2023-07-26,49.95000076293945,51.0,49.95000076293945,50.79999923706055,52000
2023-07-27,51.099998474121094,51.400001525878906,50.900001525878906,51.29999923706055,65000
2023-07-28,51.400001525878906,51.599998474121094,51.29999923706055,51.5,51000
2023-07-31,51.70000076293945,51.79999923706055,51.099998474121094,51.5,48003
2023-08-01,51.400001525878906,52.099998474121094,51.400001525878906,51.900001525878906,70003
2023-08-02,51.900001525878906,52.0,50.599998474121094,51.29999923706055,48107
2023-08-04,51.20000076293945,51.29999923706055,50.79999923706055,51.099998474121094,37000
2023-08-07,51.5,51.5,50.79999923706055,51.5,39006
2023-08-08,51.5,51.70000076293945,51.29999923706055,51.400001525878906,31145
2023-08-09,51.400001525878906,51.5,51.20000076293945,51.29999923706055,43000
2023-08-10,51.0,51.29999923706055,50.20000076293945,50.29999923706055,56005
2023-08-11,50.5,50.599998474121094,50.0,50.29999923706055,65000
2023-08-14,50.5,50.5,49.79999923706055,49.900001525878906,57000
2023-08-15,50.5,50.599998474121094,49.70000076293945,49.70000076293945,42000
2023-08-16,49.5,49.650001525878906,47.79999923706055,48.0,116202
2023-08-17,48.0,48.0,46.29999923706055,47.900001525878906,130000
2023-08-18,48.5,48.5,47.5,47.54999923706055,33000
2023-08-21,47.54999923706055,48.650001525878906,46.70000076293945,48.0,32030
2023-08-22,48.0,48.0,47.54999923706055,47.95000076293945,25015
2023-08-23,47.95000076293945,49.150001525878906,47.95000076293945,48.95000076293945,126000
2023-08-24,48.79999923706055,49.45000076293945,48.79999923706055,49.099998474121094,64000
2023-08-25,49.099998474121094,49.20000076293945,49.0,49.0,28000
2023-08-28,49.0,49.099998474121094,48.5,49.0,35000
2023-08-29,48.54999923706055,48.95000076293945,48.54999923706055,48.900001525878906,18012
2023-08-30,48.5,50.0,48.29999923706055,49.70000076293945,75000
2023-08-31,49.70000076293945,49.70000076293945,49.349998474121094,49.54999923706055,29000
2023-09-01,49.400001525878906,49.70000076293945,49.099998474121094,49.54999923706055,52000
2023-09-04,49.54999923706055,49.599998474121094,49.04999923706055,49.29999923706055,37000
2023-09-05,49.5,49.54999923706055,49.150001525878906,49.25,35000
2023-09-06,49.20000076293945,49.349998474121094,49.04999923706055,49.099998474121094,40300
2023-09-07,48.95000076293945,49.29999923706055,48.95000076293945,49.099998474121094,29000
2023-09-08,49.29999923706055,49.29999923706055,48.0,49.0,44000
2023-09-11,48.95000076293945,48.95000076293945,48.900001525878906,48.900001525878906,28000
2023-09-12,48.54999923706055,49.25,48.54999923706055,49.04999923706055,60000
2023-09-13,49.0,49.150001525878906,48.900001525878906,49.150001525878906,45000
2023-09-14,49.150001525878906,49.5,49.150001525878906,49.45000076293945,41000
2023-09-15,49.5,49.54999923706055,49.099998474121094,49.45000076293945,34001
2023-09-18,49.45000076293945,49.45000076293945,49.20000076293945,49.45000076293945,33000
2023-09-19,49.45000076293945,49.5,49.20000076293945,49.29999923706055,31008
2023-09-20,49.150001525878906,49.25,49.0,49.20000076293945,37000
2023-09-21,49.20000076293945,49.20000076293945,48.54999923706055,48.54999923706055,22000
2023-09-22,48.54999923706055,48.54999923706055,48.150001525878906,48.45000076293945,31000
2023-09-25,48.45000076293945,48.5,48.45000076293945,48.5,23000
2023-09-26,48.400001525878906,48.54999923706055,48.0,48.5,32002
2023-09-27,48.45000076293945,48.54999923706055,48.45000076293945,48.54999923706055,19000
2023-09-28,48.599998474121094,48.650001525878906,48.29999923706055,48.599998474121094,31000
2023-10-02,48.650001525878906,49.04999923706055,48.599998474121094,48.70000076293945,34000
2023-10-03,48.70000076293945,48.70000076293945,48.0,48.20000076293945,28035
2023-10-04,48.099998474121094,48.20000076293945,47.70000076293945,47.70000076293945,40040
2023-10-05,47.75,47.900001525878906,47.75,47.849998474121094,23000
2023-10-06,47.900001525878906,48.150001525878906,47.900001525878906,48.099998474121094,30000
2023-10-11,48.400001525878906,48.5,48.20000076293945,48.45000076293945,41000
2023-10-12,48.45000076293945,48.900001525878906,48.45000076293945,48.900001525878906,63000
2023-10-13,48.900001525878906,48.900001525878906,48.45000076293945,48.79999923706055,47000
2023-10-16,48.79999923706055,48.79999923706055,47.849998474121094,48.5,44000
2023-10-17,48.54999923706055,48.70000076293945,48.04999923706055,48.54999923706055,45003
2023-10-18,48.400001525878906,48.45000076293945,47.75,47.75,33028
2023-10-19,47.79999923706055,48.0,47.400001525878906,47.70000076293945,37000
2023-10-20,47.70000076293945,47.70000076293945,47.0,47.70000076293945,41000
2023-10-23,47.650001525878906,47.650001525878906,47.25,47.5,29000
2023-10-24,47.5,47.70000076293945,47.45000076293945,47.70000076293945,38000
2023-10-25,47.70000076293945,48.150001525878906,47.70000076293945,48.150001525878906,47000
2023-10-26,48.0,48.0,47.849998474121094,47.900001525878906,24000
2023-10-27,47.900001525878906,48.150001525878906,47.900001525878906,48.099998474121094,27000
2023-10-30,48.099998474121094,48.150001525878906,47.900001525878906,48.099998474121094,34000
2023-10-31,48.0,48.150001525878906,47.95000076293945,48.0,29000
2023-11-01,48.04999923706055,48.099998474121094,48.0,48.0,31000
2023-11-02,49.0,49.70000076293945,48.400001525878906,48.79999923706055,46000
2023-11-03,49.0,49.150001525878906,48.599998474121094,48.900001525878906,41031
2023-11-06,49.0,49.150001525878906,48.599998474121094,49.150001525878906,75000
2023-11-07,49.20000076293945,49.25,48.75,49.150001525878906,42000
2023-11-08,49.20000076293945,49.20000076293945,48.849998474121094,49.20000076293945,42000
2023-11-09,50.400001525878906,53.900001525878906,49.5,52.20000076293945,477000
2023-11-10,52.70000076293945,54.0,52.400001525878906,52.70000076293945,157037
2023-11-13,53.29999923706055,53.900001525878906,52.599998474121094,53.0,99079
2023-11-14,53.20000076293945,53.400001525878906,52.20000076293945,53.29999923706055,86000
2023-11-15,53.5,55.0,52.79999923706055,53.599998474121094,193294
2023-11-16,53.5,54.400001525878906,53.5,54.20000076293945,89000
2023-11-17,54.29999923706055,54.5,53.79999923706055,54.0,69000
2023-11-20,54.0,54.20000076293945,53.70000076293945,53.79999923706055,51000
2023-11-21,54.20000076293945,54.29999923706055,53.400001525878906,53.900001525878906,84000
2023-11-22,54.79999923706055,58.599998474121094,54.70000076293945,55.20000076293945,381005
2023-11-23,55.5,55.5,53.599998474121094,53.599998474121094,153000
2023-11-24,54.0,54.599998474121094,53.20000076293945,53.599998474121094,93110
2023-11-27,54.5,54.5,53.099998474121094,53.20000076293945,72050
2023-11-28,53.5,53.70000076293945,53.0,53.400001525878906,68000
2023-11-29,53.5,54.0,52.900001525878906,53.5,79003
2023-11-30,53.599998474121094,53.79999923706055,52.79999923706055,53.20000076293945,60010
2023-12-01,53.20000076293945,54.599998474121094,53.20000076293945,54.20000076293945,68100
2023-12-04,54.29999923706055,54.70000076293945,53.900001525878906,54.599998474121094,103300
2023-12-05,54.599998474121094,54.79999923706055,54.29999923706055,54.599998474121094,59005
2023-12-06,54.29999923706055,54.599998474121094,54.20000076293945,54.400001525878906,30010
2023-12-07,54.099998474121094,54.599998474121094,54.099998474121094,54.400001525878906,67000
2023-12-08,54.70000076293945,54.79999923706055,54.0,54.400001525878906,33000
2023-12-11,55.900001525878906,56.400001525878906,54.70000076293945,55.099998474121094,225000
2023-12-12,57.099998474121094,58.5,56.099998474121094,57.79999923706055,539000
2023-12-13,58.5,59.20000076293945,56.29999923706055,56.900001525878906,408000
2023-12-14,57.5,59.599998474121094,57.099998474121094,58.79999923706055,590015
2023-12-15,58.900001525878906,62.0,57.70000076293945,58.599998474121094,964012
2023-12-18,58.599998474121094,59.20000076293945,57.5,58.099998474121094,165000
2023-12-19,58.400001525878906,58.599998474121094,56.5,57.79999923706055,97000
2023-12-20,57.79999923706055,58.0,57.5,58.0,57000
2023-12-21,56.599998474121094,58.0,56.5,57.79999923706055,86000
2023-12-22,59.79999923706055,59.79999923706055,57.5,57.900001525878906,73000
2023-12-25,58.0,58.29999923706055,57.29999923706055,58.099998474121094,92000
2023-12-26,58.20000076293945,58.599998474121094,58.099998474121094,58.599998474121094,88000
2023-12-27,58.79999923706055,58.900001525878906,58.29999923706055,58.599998474121094,77020
2023-12-28,58.70000076293945,58.70000076293945,58.0,58.400001525878906,52004
2023-12-29,58.29999923706055,58.29999923706055,57.599998474121094,57.900001525878906,64000
2024-01-02,59.79999923706055,59.79999923706055,57.400001525878906,58.599998474121094,126000
2024-01-03,58.599998474121094,58.599998474121094,58.0,58.599998474121094,124005
2024-01-04,58.599998474121094,59.5,58.0,58.0,137000
2024-01-05,59.0,60.0,58.0,59.599998474121094,237001
2024-01-08,59.5,61.0,58.599998474121094,60.400001525878906,213000
2024-01-09,59.0,60.099998474121094,59.0,59.70000076293945,77004
2024-01-10,60.599998474121094,60.599998474121094,57.900001525878906,57.900001525878906,228000
2024-01-11,59.099998474121094,59.099998474121094,57.900001525878906,58.29999923706055,250000
2024-01-12,58.29999923706055,58.29999923706055,57.29999923706055,57.29999923706055,120000
2024-01-15,57.400001525878906,58.0,57.400001525878906,57.900001525878906,83050
2024-01-16,58.20000076293945,58.29999923706055,57.0,57.5,83000
2024-01-17,57.400001525878906,57.70000076293945,56.599998474121094,57.400001525878906,132000
2024-01-18,57.5,58.099998474121094,57.29999923706055,57.400001525878906,64000
2024-01-19,58.0,59.20000076293945,57.099998474121094,58.900001525878906,163000
2024-01-22,59.0,59.20000076293945,58.20000076293945,58.70000076293945,61000
2024-01-23,58.79999923706055,58.79999923706055,58.099998474121094,58.20000076293945,28000
2024-01-24,58.5,58.70000076293945,57.20000076293945,57.400001525878906,85289
2024-01-25,57.70000076293945,57.70000076293945,56.900001525878906,57.29999923706055,88000
2024-01-26,57.29999923706055,57.599998474121094,57.0,57.400001525878906,35000
2024-01-29,58.20000076293945,58.20000076293945,56.900001525878906,57.5,85000
2024-01-30,57.79999923706055,57.79999923706055,56.79999923706055,57.099998474121094,48080
2024-01-31,56.599998474121094,57.29999923706055,56.20000076293945,56.20000076293945,85000
2024-02-01,57.29999923706055,57.400001525878906,55.099998474121094,55.5,165000
2024-02-02,55.70000076293945,56.0,54.900001525878906,55.599998474121094,121000
2024-02-05,55.20000076293945,55.5,54.79999923706055,55.0,76000
2024-02-15,55.099998474121094,55.5,54.20000076293945,54.70000076293945,167000
2024-02-16,54.099998474121094,54.20000076293945,53.599998474121094,53.900001525878906,212000
2024-02-19,54.0,54.900001525878906,54.0,54.900001525878906,73000
2024-02-20,54.900001525878906,55.900001525878906,54.900001525878906,55.79999923706055,96100
2024-02-21,56.0,56.900001525878906,55.79999923706055,56.5,145000
2024-02-22,57.0,57.79999923706055,56.599998474121094,57.099998474121094,113100
2024-02-23,57.400001525878906,57.5,57.20000076293945,57.20000076293945,89000
2024-02-26,57.70000076293945,58.5,57.599998474121094,58.400001525878906,141000
2024-02-27,58.5,58.79999923706055,57.599998474121094,58.70000076293945,122000
2024-02-29,58.70000076293945,58.900001525878906,58.400001525878906,58.900001525878906,63000
2024-03-01,58.900001525878906,59.599998474121094,58.900001525878906,59.29999923706055,146000
2024-03-04,59.400001525878906,61.79999923706055,59.400001525878906,60.900001525878906,295031
2024-03-05,60.900001525878906,61.20000076293945,59.900001525878906,60.400001525878906,84002
2024-03-06,60.5,60.5,59.70000076293945,60.20000076293945,54000
2024-03-07,60.20000076293945,60.20000076293945,59.29999923706055,59.29999923706055,83000
2024-03-08,59.29999923706055,60.099998474121094,58.400001525878906,59.0,139000
2024-03-11,59.0,59.599998474121094,59.0,59.599998474121094,83000
2024-03-12,59.599998474121094,61.29999923706055,59.599998474121094,61.20000076293945,122000
2024-03-13,60.79999923706055,61.20000076293945,59.599998474121094,59.79999923706055,115000
2024-03-14,57.79999923706055,58.79999923706055,56.29999923706055,58.099998474121094,317001
2024-03-15,58.20000076293945,59.70000076293945,58.20000076293945,59.400001525878906,143000
2024-03-18,59.599998474121094,60.79999923706055,59.0,60.5,184000
2024-03-19,60.29999923706055,61.20000076293945,60.0,61.20000076293945,164290
2024-03-20,61.29999923706055,61.29999923706055,60.29999923706055,60.29999923706055,79000
2024-03-21,60.79999923706055,60.900001525878906,60.20000076293945,60.29999923706055,86005
2024-03-22,60.29999923706055,61.0,59.900001525878906,59.900001525878906,81000
2024-03-25,60.400001525878906,60.5,59.79999923706055,59.900001525878906,50100
2024-03-26,60.400001525878906,60.5,58.79999923706055,59.79999923706055,95000
2024-03-27,60.0,60.400001525878906,59.79999923706055,60.099998474121094,48000
2024-03-28,60.400001525878906,60.5,59.099998474121094,59.5,114072
2024-03-29,59.70000076293945,60.0,59.29999923706055,59.599998474121094,25000
2024-04-01,59.79999923706055,60.099998474121094,59.0,59.099998474121094,92000
2024-04-02,59.099998474121094,59.70000076293945,59.099998474121094,59.20000076293945,54051
2024-04-03,59.0,59.20000076293945,58.5,58.599998474121094,102080
2024-04-08,58.599998474121094,59.5,57.900001525878906,59.20000076293945,80000
2024-04-09,59.5,59.70000076293945,58.900001525878906,59.20000076293945,84062
2024-04-10,60.099998474121094,61.0,60.0,60.20000076293945,131000
2024-04-11,60.400001525878906,61.79999923706055,60.20000076293945,60.79999923706055,196000
2024-04-12,61.099998474121094,64.80000305175781,61.0,63.900001525878906,419009
2024-04-15,63.5,63.79999923706055,62.099998474121094,62.70000076293945,142211
2024-04-16,62.099998474121094,62.099998474121094,60.79999923706055,61.099998474121094,108000
2024-04-17,60.900001525878906,63.400001525878906,60.900001525878906,63.400001525878906,136023
2024-04-18,63.400001525878906,63.400001525878906,62.5,62.900001525878906,45020
2024-04-19,62.0,62.79999923706055,61.0,61.70000076293945,89000
2024-04-22,61.70000076293945,65.5,61.70000076293945,63.400001525878906,192200
2024-04-23,63.900001525878906,64.0,62.79999923706055,63.400001525878906,65016
2024-04-24,63.79999923706055,64.80000305175781,62.79999923706055,64.80000305175781,165004
2024-04-25,64.69999694824219,64.80000305175781,62.900001525878906,63.29999923706055,147000
2024-04-26,63.900001525878906,63.900001525878906,62.0,62.70000076293945,129190
2024-04-29,63.099998474121094,63.29999923706055,62.20000076293945,63.20000076293945,92000
2024-04-30,63.20000076293945,63.5,61.79999923706055,62.400001525878906,98001
2024-05-02,62.29999923706055,63.599998474121094,62.29999923706055,63.099998474121094,70000
2024-05-03,63.5,63.79999923706055,63.29999923706055,63.599998474121094,75000
2024-05-06,64.5,64.5,63.400001525878906,63.900001525878906,78000
2024-05-07,63.900001525878906,67.0,63.70000076293945,66.0999984741211,336120
2024-05-08,66.19999694824219,67.4000015258789,66.0999984741211,67.0,224028
2024-05-09,64.80000305175781,64.80000305175781,62.5,62.70000076293945,527000
2024-05-10,63.900001525878906,63.900001525878906,62.900001525878906,63.099998474121094,69000
2024-05-13,63.099998474121094,63.70000076293945,62.79999923706055,62.900001525878906,97000
2024-05-14,62.599998474121094,63.0,62.5,62.599998474121094,58142
2024-05-15,62.599998474121094,63.099998474121094,61.79999923706055,61.900001525878906,162003
2024-05-16,62.5,62.900001525878906,61.70000076293945,62.099998474121094,103000
2024-05-17,62.099998474121094,62.5,61.70000076293945,62.20000076293945,48000
2024-05-20,62.5,62.79999923706055,62.29999923706055,62.70000076293945,88001
2024-05-21,62.79999923706055,62.79999923706055,62.29999923706055,62.599998474121094,35000
2024-05-22,62.79999923706055,62.900001525878906,61.70000076293945,61.900001525878906,167000
2024-05-23,61.79999923706055,62.20000076293945,61.0,61.29999923706055,142070
2024-05-24,61.29999923706055,61.900001525878906,60.900001525878906,61.900001525878906,60217
2024-05-27,62.0,62.400001525878906,61.79999923706055,62.400001525878906,53000
2024-05-28,62.5,62.599998474121094,62.0,62.599998474121094,64000
2024-05-29,62.79999923706055,62.79999923706055,61.900001525878906,62.5,48000
2024-05-30,62.29999923706055,64.19999694824219,62.29999923706055,62.79999923706055,57013
2024-05-31,62.79999923706055,63.099998474121094,62.20000076293945,62.900001525878906,96000
2024-06-03,62.70000076293945,63.5,62.599998474121094,63.29999923706055,114089
2024-06-04,63.400001525878906,64.0,63.400001525878906,63.400001525878906,77022
2024-06-05,63.5,63.79999923706055,63.20000076293945,63.400001525878906,45000
2024-06-06,63.5,63.599998474121094,62.70000076293945,63.400001525878906,58000
2024-06-07,62.900001525878906,64.5999984741211,62.900001525878906,64.5,172000
2024-06-11,65.0,65.5,64.0,64.5999984741211,111000
2024-06-12,64.80000305175781,64.9000015258789,64.19999694824219,64.5999984741211,49000
2024-06-13,64.80000305175781,64.9000015258789,64.4000015258789,64.5,37020
2024-06-14,64.5,64.80000305175781,64.0,64.69999694824219,81001
2024-06-17,64.69999694824219,65.5,64.19999694824219,64.69999694824219,102098
2024-06-18,64.80000305175781,64.9000015258789,64.0,64.4000015258789,44000
2024-06-19,64.5,64.9000015258789,64.4000015258789,64.69999694824219,63070
2024-06-20,64.9000015258789,64.9000015258789,64.4000015258789,64.4000015258789,64000
2024-06-21,64.5999984741211,64.69999694824219,64.19999694824219,64.4000015258789,36000
2024-06-24,64.4000015258789,64.4000015258789,63.79999923706055,63.900001525878906,29000
2024-06-25,64.5,64.5,63.70000076293945,63.70000076293945,47015
2024-06-26,64.0,64.0999984741211,63.79999923706055,63.79999923706055,31000
2024-06-27,63.400001525878906,63.79999923706055,63.400001525878906,63.599998474121094,37118
2024-06-28,63.70000076293945,64.30000305175781,63.5,64.19999694824219,101000
2024-07-01,64.30000305175781,66.9000015258789,64.19999694824219,64.80000305175781,85000
2024-07-02,64.9000015258789,64.9000015258789,64.19999694824219,64.4000015258789,31042
2024-07-03,64.5,64.80000305175781,64.4000015258789,64.4000015258789,44000
2024-07-04,64.5,64.80000305175781,63.900001525878906,64.5999984741211,37000
2024-07-05,64.80000305175781,64.80000305175781,64.5,64.5,38070
2024-07-08,64.0999984741211,64.69999694824219,64.0,64.30000305175781,124006
2024-07-09,64.30000305175781,64.69999694824219,64.19999694824219,64.4000015258789,61000
2024-07-10,64.5,66.19999694824219,64.5,65.80000305175781,260130
2024-07-11,63.29999923706055,64.0,62.900001525878906,63.29999923706055,174010
2024-07-12,63.29999923706055,63.5,63.0,63.099998474121094,56017
2024-07-15,63.5,63.5,62.79999923706055,62.900001525878906,64344
2024-07-16,63.0,63.20000076293945,62.79999923706055,62.900001525878906,40000
2024-07-17,63.0,63.5,63.0,63.20000076293945,56000
2024-07-18,63.400001525878906,63.400001525878906,62.599998474121094,62.79999923706055,97000
2024-07-19,62.79999923706055,63.0,62.20000076293945,62.79999923706055,47000
2024-07-22,62.900001525878906,62.900001525878906,61.599998474121094,62.20000076293945,110000
2024-07-23,62.5,62.5,62.20000076293945,62.400001525878906,34000
2024-07-26,62.400001525878906,62.599998474121094,62.0,62.20000076293945,30052
2024-07-29,62.70000076293945,63.0,62.5,62.79999923706055,39206
2024-07-30,62.79999923706055,63.099998474121094,62.29999923706055,62.900001525878906,44003
2024-07-31,62.900001525878906,63.20000076293945,62.5,62.79999923706055,37014
2024-08-01,63.5,63.70000076293945,63.400001525878906,63.400001525878906,39035
2024-08-02,63.400001525878906,63.5,62.79999923706055,62.79999923706055,27050
2024-08-05,62.29999923706055,62.29999923706055,57.0,60.099998474121094,143000
2024-08-06,60.0,60.900001525878906,59.70000076293945,60.0,61000
2024-08-07,60.5,62.0,60.5,62.0,65000
2024-08-08,68.19999694824219,68.19999694824219,66.69999694824219,68.19999694824219,1110015
2024-08-09,75.0,75.0,75.0,75.0,431000
2024-08-12,82.5,82.5,76.19999694824219,78.69999694824219,2051045
2024-08-13,80.9000015258789,85.69999694824219,75.5999984741211,85.0999984741211,1564317
2024-08-14,85.0999984741211,88.80000305175781,81.80000305175781,82.0,1360226
2024-08-15,83.0999984741211,90.19999694824219,82.5999984741211,85.80000305175781,2164376
2024-08-16,86.4000015258789,88.0,84.80000305175781,87.5999984741211,536045
2024-08-19,88.9000015258789,90.5,87.5999984741211,89.0,395244
2024-08-20,89.5999984741211,89.9000015258789,86.0999984741211,86.80000305175781,367024
2024-08-21,88.19999694824219,88.19999694824219,85.5,86.5999984741211,274037
2024-08-22,86.9000015258789,88.5999984741211,86.5999984741211,87.19999694824219,327100
2024-08-23,87.30000305175781,87.9000015258789,83.0999984741211,84.5,284007
2024-08-26,83.5,85.0,82.0999984741211,82.0999984741211,175420
2024-08-27,81.0,84.80000305175781,81.0,84.0999984741211,215500
2024-08-28,84.5999984741211,87.0,84.5999984741211,86.69999694824219,217280
2024-08-29,86.0999984741211,87.5999984741211,85.9000015258789,87.5999984741211,296081
2024-08-30,89.30000305175781,94.9000015258789,83.0,83.4000015258789,1067140
2024-09-02,83.0999984741211,87.30000305175781,83.0999984741211,84.69999694824219,348118
2024-09-03,85.69999694824219,87.30000305175781,84.69999694824219,85.0,215000
2024-09-04,82.69999694824219,84.0,80.0,83.0,269361
2024-09-05,85.5,90.0,83.80000305175781,87.5,720060
2024-09-06,87.80000305175781,87.80000305175781,82.69999694824219,83.0,389010
2024-09-09,82.5,83.9000015258789,81.0,83.5999984741211,214000
2024-09-10,83.5999984741211,84.5,79.4000015258789,79.5999984741211,263000
2024-09-11,77.30000305175781,77.5,73.0,73.0,553065
2024-09-12,73.5,78.4000015258789,73.5,75.69999694824219,364038
2024-09-13,76.0999984741211,78.30000305175781,76.0999984741211,76.5,126000
2024-09-16,76.5999984741211,76.5999984741211,73.80000305175781,74.4000015258789,291010
2024-09-18,74.4000015258789,76.0,73.80000305175781,73.80000305175781,100036
2024-09-19,74.19999694824219,75.69999694824219,73.5,75.19999694824219,98000
2024-09-20,75.0999984741211,75.5,73.80000305175781,74.19999694824219,107000
2024-09-23,73.80000305175781,73.80000305175781,71.19999694824219,71.69999694824219,343095
2024-09-24,71.69999694824219,74.9000015258789,71.69999694824219,72.19999694824219,194013
2024-09-25,73.19999694824219,74.4000015258789,72.69999694824219,73.30000305175781,117100
2024-09-26,73.19999694824219,74.80000305175781,73.19999694824219,73.19999694824219,83000
2024-09-27,73.19999694824219,76.4000015258789,72.9000015258789,75.69999694824219,295030
2024-09-30,74.80000305175781,75.5999984741211,73.5999984741211,74.80000305175781,101050
2024-10-01,75.19999694824219,75.30000305175781,73.69999694824219,73.69999694824219,74000
2024-10-04,73.69999694824219,74.5999984741211,72.0,72.4000015258789,99000
2024-10-07,72.30000305175781,73.4000015258789,72.30000305175781,72.9000015258789,58000
2024-10-08,72.30000305175781,74.80000305175781,72.30000305175781,73.80000305175781,103000
2024-10-09,73.80000305175781,74.9000015258789,73.0,73.19999694824219,85000
2024-10-11,72.4000015258789,73.19999694824219,68.0,69.5,297040
2024-10-14,68.80000305175781,70.0,68.0,68.5999984741211,182453
2024-10-15,69.0999984741211,70.0,69.0,69.5,90000
2024-10-16,69.5,69.69999694824219,68.19999694824219,68.5999984741211,72116
2024-10-17,68.5999984741211,69.4000015258789,68.5,68.69999694824219,63050
2024-10-18,69.30000305175781,69.69999694824219,68.4000015258789,68.5999984741211,71000
2024-10-21,68.5,70.0,67.9000015258789,69.69999694824219,50000
2024-10-22,69.0999984741211,70.0999984741211,68.69999694824219,69.30000305175781,51000
2024-10-23,68.80000305175781,70.4000015258789,68.80000305175781,69.5999984741211,53058
2024-10-24,69.5999984741211,70.30000305175781,69.5999984741211,69.9000015258789,53000
2024-10-25,70.30000305175781,70.30000305175781,69.19999694824219,69.9000015258789,72002
2024-10-28,69.80000305175781,70.69999694824219,68.80000305175781,69.19999694824219,80000
2024-10-29,69.5,70.5,68.69999694824219,69.19999694824219,74000
2024-10-30,69.80000305175781,71.0999984741211,68.9000015258789,69.0999984741211,82004
2024-11-01,68.0,69.5999984741211,67.69999694824219,69.0,49050
2024-11-04,68.19999694824219,69.0999984741211,68.19999694824219,68.19999694824219,43179
2024-11-05,68.0999984741211,69.5,68.0999984741211,68.69999694824219,43000
2024-11-06,69.9000015258789,70.0999984741211,69.0,69.0999984741211,53000
2024-11-07,69.5,71.5,69.5,70.5999984741211,96000
2024-11-08,70.5,70.5999984741211,68.9000015258789,68.9000015258789,101000
2024-11-11,68.9000015258789,72.69999694824219,68.9000015258789,72.19999694824219,159160
2024-11-12,72.0,72.0,70.19999694824219,70.80000305175781,78001
2024-11-13,71.80000305175781,77.0999984741211,71.30000305175781,74.5999984741211,304015
2024-11-14,71.69999694824219,71.69999694824219,68.19999694824219,68.19999694824219,615100
2024-11-15,68.0,70.5999984741211,68.0,68.9000015258789,259202
2024-11-18,68.4000015258789,69.30000305175781,67.5999984741211,67.5999984741211,181500
2024-11-19,67.5999984741211,69.19999694824219,67.5999984741211,68.80000305175781,93134
2024-11-20,68.4000015258789,68.4000015258789,68.4000015258789,68.4000015258789,75858
2024-11-21,68.4000015258789,69.4000015258789,68.0999984741211,68.80000305175781,66070
2024-11-22,68.80000305175781,69.80000305175781,68.5999984741211,69.19999694824219,87534
2024-11-25,69.0,70.5999984741211,69.0,70.19999694824219,102000
2024-11-26,70.0,70.80000305175781,70.0,70.30000305175781,55010
2024-11-27,70.69999694824219,70.69999694824219,69.0,69.0,50067
2024-11-28,69.5,69.5,68.0999984741211,68.69999694824219,37020
2024-11-29,68.69999694824219,68.80000305175781,68.30000305175781,68.69999694824219,51000
2024-12-02,68.69999694824219,69.5,68.30000305175781,68.5999984741211,64010
2024-12-03,69.0,69.0999984741211,68.5,68.80000305175781,48000
2024-12-04,68.4000015258789,69.0,68.4000015258789,68.5,45032
2024-12-05,68.5,69.0,68.30000305175781,68.4000015258789,71170
2024-12-06,68.30000305175781,69.0,68.30000305175781,68.80000305175781,42000
2024-12-09,69.0,69.80000305175781,69.0,69.0999984741211,47000
2024-12-10,69.5999984741211,70.69999694824219,69.5,70.0999984741211,80756
2024-12-11,65.9000015258789,67.5999984741211,65.9000015258789,66.80000305175781,302300
2024-12-12,66.9000015258789,67.0,65.5999984741211,65.69999694824219,210060
2024-12-13,65.5,65.9000015258789,63.599998474121094,64.30000305175781,209293
2024-12-16,64.30000305175781,65.30000305175781,64.30000305175781,64.5999984741211,75000
2024-12-17,64.5999984741211,64.80000305175781,64.0,64.5,54050
2024-12-18,64.4000015258789,64.69999694824219,64.0,64.5,44090
2024-12-19,63.29999923706055,64.5999984741211,63.29999923706055,64.19999694824219,46000
2024-12-20,64.19999694824219,64.69999694824219,63.599998474121094,63.70000076293945,71000
2024-12-23,63.900001525878906,64.30000305175781,63.79999923706055,64.0999984741211,55000
2024-12-24,64.5,64.69999694824219,64.19999694824219,64.19999694824219,33071
2024-12-25,64.5,64.5999984741211,64.0999984741211,64.5,21000
2024-12-26,64.5,65.30000305175781,64.19999694824219,64.69999694824219,64000
2024-12-27,64.80000305175781,65.80000305175781,64.19999694824219,64.4000015258789,39050
2024-12-30,64.5999984741211,64.5999984741211,63.900001525878906,64.0999984741211,26009
2024-12-31,64.0999984741211,65.5,64.0999984741211,64.0999984741211,67030
2025-01-02,64.0999984741211,64.80000305175781,63.900001525878906,64.0999984741211,99000
2025-01-03,64.30000305175781,66.80000305175781,64.30000305175781,65.19999694824219,65050
2025-01-06,66.0,66.19999694824219,65.19999694824219,65.30000305175781,34062
2025-01-07,66.0,66.0,64.80000305175781,65.4000015258789,45000
2025-01-08,65.5,66.0,65.4000015258789,65.9000015258789,37000
2025-01-09,65.9000015258789,66.69999694824219,65.30000305175781,65.5,40000
2025-01-10,65.19999694824219,66.30000305175781,65.19999694824219,66.19999694824219,34000
2025-01-13,63.599998474121094,65.4000015258789,63.0,64.5999984741211,123000
2025-01-14,64.5999984741211,66.4000015258789,63.5,64.4000015258789,33000
2025-01-15,64.4000015258789,64.80000305175781,63.79999923706055,64.4000015258789,24000
2025-01-16,64.9000015258789,65.19999694824219,64.30000305175781,64.30000305175781,36180
2025-01-17,64.30000305175781,64.69999694824219,64.30000305175781,64.30000305175781,20000
2025-01-20,64.0,64.9000015258789,64.0,64.4000015258789,29050
2025-01-21,64.4000015258789,64.5999984741211,63.900001525878906,64.5999984741211,27020
2025-01-22,64.5999984741211,65.0999984741211,64.5999984741211,65.0,32000
2025-02-03,65.0,65.9000015258789,64.69999694824219,64.80000305175781,26050
2025-02-04,64.80000305175781,66.9000015258789,64.5999984741211,64.80000305175781,46000
2025-02-05,66.0,66.0,64.9000015258789,65.30000305175781,28000
2025-02-06,65.30000305175781,65.5999984741211,65.0999984741211,65.4000015258789,19000
2025-02-07,65.69999694824219,66.69999694824219,65.5,66.0,70002
2025-02-10,66.0,66.9000015258789,65.30000305175781,66.80000305175781,71100
2025-02-11,65.0,65.5,63.5,63.70000076293945,219012
2025-02-12,63.70000076293945,64.0999984741211,63.5,63.70000076293945,94000
2025-02-13,63.79999923706055,65.19999694824219,63.79999923706055,64.80000305175781,64005
2025-02-14,65.0,65.0,64.5999984741211,64.69999694824219,35000
2025-02-17,65.0,65.0,64.69999694824219,65.0,39000
2025-02-18,65.30000305175781,65.4000015258789,64.69999694824219,65.0999984741211,26006
2025-02-19,65.19999694824219,65.5,65.0,65.5,38000
2025-02-20,65.5999984741211,65.5999984741211,65.0,65.30000305175781,26005
2025-02-21,65.0,65.5,65.0,65.5,38032
2025-02-24,64.69999694824219,65.4000015258789,64.69999694824219,65.0,30000
2025-02-25,65.0999984741211,65.19999694824219,64.5999984741211,65.0,31000
2025-02-26,65.0999984741211,66.30000305175781,65.0,65.5,57030
2025-02-27,65.69999694824219,66.30000305175781,65.0,65.69999694824219,55005
2025-03-03,65.69999694824219,68.0,65.5,67.0,82000
2025-03-04,67.0,68.9000015258789,67.0,68.19999694824219,107062
2025-03-05,68.5,69.0,67.5,67.9000015258789,66000
2025-03-06,67.5,68.4000015258789,67.5,68.0999984741211,30000
2025-03-07,67.9000015258789,69.0,67.9000015258789,67.9000015258789,44000
2025-03-10,66.0,66.19999694824219,64.9000015258789,65.69999694824219,72010
2025-03-11,64.30000305175781,65.9000015258789,64.19999694824219,65.69999694824219,57000
2025-03-12,65.69999694824219,67.80000305175781,65.69999694824219,66.69999694824219,40100
2025-03-13,66.69999694824219,66.69999694824219,64.80000305175781,65.0,175138
2025-03-14,65.5,65.5,65.0,65.0,25200
2025-03-17,65.0,65.4000015258789,64.5999984741211,65.4000015258789,33167
2025-03-18,65.5,66.9000015258789,65.5,66.5,44203
2025-03-19,66.5,66.5999984741211,65.80000305175781,66.0,18000
2025-03-20,66.30000305175781,66.30000305175781,65.5,65.5,33010
2025-03-21,65.0999984741211,65.5,64.9000015258789,65.0,30010
2025-03-24,65.5,65.5999984741211,65.0,65.0,27016
2025-03-25,65.5,65.5999984741211,65.0,65.30000305175781,22013
2025-03-26,65.5,65.9000015258789,65.5,65.80000305175781,18000
2025-03-27,65.80000305175781,65.9000015258789,65.80000305175781,65.80000305175781,31000
2025-03-28,65.30000305175781,65.5999984741211,65.0,65.0,38021
2025-03-31,64.9000015258789,65.0,63.29999923706055,63.599998474121094,54000
2025-04-01,63.599998474121094,64.5999984741211,63.599998474121094,64.5,20000
2025-04-02,64.80000305175781,64.9000015258789,64.5,64.80000305175781,21100
2025-04-07,58.400001525878906,59.599998474121094,58.400001525878906,58.400001525878906,138000
2025-04-08,55.400001525878906,57.5,55.400001525878906,56.5,52560
2025-04-09,56.5,56.599998474121094,53.20000076293945,54.29999923706055,131006
2025-04-10,59.599998474121094,59.70000076293945,58.900001525878906,59.70000076293945,25000
2025-04-11,58.79999923706055,59.79999923706055,56.29999923706055,59.70000076293945,112000
2025-04-14,60.0,60.79999923706055,58.29999923706055,58.900001525878906,73000
2025-04-15,59.0,61.099998474121094,59.0,61.099998474121094,47000
2025-04-16,61.099998474121094,61.099998474121094,60.099998474121094,60.099998474121094,45016
2025-04-17,60.099998474121094,60.20000076293945,59.5,60.0,21100
2025-04-18,60.0,60.29999923706055,59.5,60.29999923706055,16000
2025-04-21,59.900001525878906,60.099998474121094,59.29999923706055,59.400001525878906,24000
2025-04-22,59.400001525878906,59.5,59.0,59.400001525878906,19000
2025-04-23,59.5,60.29999923706055,59.5,59.599998474121094,36000
2025-04-24,60.0,60.20000076293945,59.79999923706055,59.79999923706055,13000
2025-04-25,62.0,62.0,61.70000076293945,61.79999923706055,9000
2025-04-28,61.5,62.5,60.79999923706055,61.70000076293945,37000
2025-04-29,61.29999923706055,61.29999923706055,60.70000076293945,61.0,22000
2025-04-30,60.79999923706055,61.099998474121094,59.70000076293945,59.79999923706055,53000
2025-05-02,59.79999923706055,60.099998474121094,58.70000076293945,60.099998474121094,54016
2025-05-05,60.400001525878906,60.400001525878906,56.900001525878906,59.5,30013
2025-05-06,59.5,59.900001525878906,59.29999923706055,59.599998474121094,28003
2025-05-07,59.70000076293945,60.5,59.400001525878906,60.0,30032
2025-05-08,60.29999923706055,60.599998474121094,60.0,60.5,31000
2025-05-09,60.5,60.900001525878906,60.400001525878906,60.5,34060
2025-05-12,60.5,60.70000076293945,60.20000076293945,60.20000076293945,29032
2025-05-13,60.900001525878906,61.099998474121094,60.20000076293945,60.400001525878906,38021
2025-05-14,60.79999923706055,61.70000076293945,60.5,61.29999923706055,33000
2025-05-15,60.5,61.5,60.5,60.70000076293945,65000
2025-05-16,61.0,61.20000076293945,60.400001525878906,61.20000076293945,52005
2025-05-19,61.5,61.900001525878906,61.20000076293945,61.400001525878906,18000
2025-05-20,61.79999923706055,62.29999923706055,61.79999923706055,62.29999923706055,18000
2025-05-21,62.5,63.900001525878906,62.5,63.79999923706055,36006
2025-05-22,63.79999923706055,64.19999694824219,63.70000076293945,63.79999923706055,18100
2025-05-23,63.79999923706055,64.5999984741211,63.79999923706055,64.5,16000
2025-05-26,64.5,65.0999984741211,64.0,64.69999694824219,13500
2025-05-27,64.69999694824219,64.69999694824219,64.0999984741211,64.19999694824219,14000
2025-05-28,64.5,65.0999984741211,64.5,64.9000015258789,18002
2025-05-29,65.0999984741211,65.0999984741211,64.0999984741211,64.9000015258789,41000
2025-06-02,64.9000015258789,64.9000015258789,63.70000076293945,64.0,26000
2025-06-03,63.0,64.19999694824219,63.0,63.400001525878906,21000
2025-06-04,63.5,64.0,63.29999923706055,63.79999923706055,26003
2025-06-05,63.900001525878906,63.900001525878906,63.70000076293945,63.900001525878906,17000
2025-06-06,63.900001525878906,63.900001525878906,63.099998474121094,63.29999923706055,18068
2025-06-09,63.400001525878906,63.5,63.29999923706055,63.29999923706055,6000
2025-06-10,63.400001525878906,63.5,63.0,63.20000076293945,13013
2025-06-11,63.20000076293945,63.20000076293945,62.29999923706055,62.5,83000
2025-06-12,62.599998474121094,62.900001525878906,62.599998474121094,62.79999923706055,7000
2025-06-13,62.099998474121094,62.79999923706055,62.099998474121094,62.400001525878906,11000
2025-06-16,62.5,62.5,62.0,62.5,15000
2025-06-17,62.5,62.599998474121094,62.0,62.400001525878906,10000
2025-06-18,62.400001525878906,62.599998474121094,62.29999923706055,62.400001525878906,15000
2025-06-19,62.400001525878906,62.400001525878906,61.599998474121094,61.599998474121094,49000
2025-06-20,61.599998474121094,61.599998474121094,60.5,60.5,40000
2025-06-23,60.29999923706055,60.599998474121094,60.29999923706055,60.5,8114
2025-06-24,60.5,61.5,60.5,61.0,18000
2025-06-25,61.0,61.5,61.0,61.29999923706055,3000
2025-06-26,61.0,62.099998474121094,61.0,61.79999923706055,28000
2025-06-27,61.79999923706055,63.5,61.5,63.0,48000
2025-06-30,64.4000015258789,64.4000015258789,63.0,63.0,100000
2025-07-01,58.5,62.099998474121094,58.400001525878906,61.900001525878906,115000
2025-07-02,61.900001525878906,61.900001525878906,58.5,59.79999923706055,107000
2025-07-03,59.79999923706055,60.79999923706055,58.900001525878906,60.29999923706055,27000
2025-07-04,59.20000076293945,60.29999923706055,59.20000076293945,59.5,18000
2025-07-07,59.599998474121094,61.5,58.900001525878906,58.900001525878906,24000
2025-07-08,58.5,58.70000076293945,58.0,58.20000076293945,46000
2025-07-09,58.20000076293945,59.0,58.20000076293945,58.29999923706055,7000
2025-07-10,58.5,58.79999923706055,58.099998474121094,58.099998474121094,29000
2025-07-11,58.29999923706055,58.29999923706055,58.0,58.0,20000
2025-07-14,58.29999923706055,58.29999923706055,57.70000076293945,57.70000076293945,25000
2025-07-15,57.70000076293945,57.70000076293945,57.0,57.29999923706055,49045
2025-07-16,57.20000076293945,57.5,57.0,57.5,12000
2025-07-17,57.29999923706055,57.599998474121094,57.099998474121094,57.599998474121094,23000
2025-07-18,57.599998474121094,57.599998474121094,57.20000076293945,57.20000076293945,5002
2025-07-21,57.20000076293945,57.29999923706055,56.70000076293945,57.20000076293945,29000
2025-07-22,57.0,57.0,55.70000076293945,55.70000076293945,44000
2025-07-23,55.70000076293945,56.5,55.599998474121094,56.099998474121094,25200
2025-07-24,56.0,56.20000076293945,55.70000076293945,56.099998474121094,21020
2025-07-25,56.099998474121094,56.20000076293945,55.5,55.5,23000
2025-07-28,55.0,55.20000076293945,54.599998474121094,54.70000076293945,46000
2025-07-29,54.70000076293945,54.70000076293945,54.0,54.400001525878906,48200
2025-07-30,54.29999923706055,54.400001525878906,54.0,54.099998474121094,13000
2025-07-31,54.099998474121094,54.099998474121094,53.5,54.099998474121094,38000
2025-08-04,54.0,54.099998474121094,53.70000076293945,53.900001525878906,17128
2025-08-05,53.900001525878906,54.20000076293945,53.70000076293945,54.0,30000
2025-08-06,54.0,54.0,53.599998474121094,53.599998474121094,14000
2025-08-07,53.400001525878906,54.0,53.20000076293945,53.599998474121094,24000
2025-08-08,53.599998474121094,53.599998474121094,53.0,53.0,31000
2025-08-11,53.0,53.0,51.5,51.79999923706055,60000
2025-08-12,51.79999923706055,51.79999923706055,50.099998474121094,50.70000076293945,71000
2025-08-13,50.20000076293945,50.29999923706055,50.0,50.0,58149
2025-08-14,50.0,50.0,49.5,49.79999923706055,36000
2025-08-15,49.79999923706055,49.79999923706055,49.400001525878906,49.650001525878906,44000
2025-08-18,49.650001525878906,49.650001525878906,49.099998474121094,49.099998474121094,36000
2025-08-19,48.5,48.5,47.849998474121094,47.95000076293945,55000
2025-08-20,47.95000076293945,48.0,47.25,47.45000076293945,46000
2025-08-21,47.45000076293945,47.5,46.20000076293945,46.54999923706055,86000
2025-08-22,46.400001525878906,47.29999923706055,46.29999923706055,46.95000076293945,31250
2025-08-25,46.95000076293945,48.79999923706055,46.54999923706055,48.54999923706055,70000
2025-08-26,48.54999923706055,48.599998474121094,48.20000076293945,48.54999923706055,11000
2025-08-27,48.54999923706055,51.20000076293945,48.54999923706055,51.20000076293945,44080
2025-08-28,51.20000076293945,52.5,50.900001525878906,52.400001525878906,26008
2025-08-29,52.400001525878906,52.400001525878906,51.0,51.0,61000
2025-09-01,50.5,50.5,49.54999923706055,49.95000076293945,22000
2025-09-02,49.95000076293945,50.0,49.95000076293945,49.95000076293945,4000
2025-09-03,49.95000076293945,49.95000076293945,49.349998474121094,49.400001525878906,11000
2025-09-04,49.099998474121094,49.400001525878906,48.5,48.79999923706055,15007
2025-09-05,48.79999923706055,49.5,48.79999923706055,49.349998474121094,25000
2025-09-08,50.0,50.099998474121094,50.0,50.099998474121094,5000
2025-09-09,50.099998474121094,50.5,49.29999923706055,49.54999923706055,30000
2025-09-10,49.599998474121094,49.599998474121094,48.79999923706055,49.54999923706055,18000
2025-09-11,49.54999923706055,49.599998474121094,48.849998474121094,49.54999923706055,18000
2025-09-12,49.54999923706055,49.54999923706055,49.5,49.54999923706055,10411
2025-09-15,49.599998474121094,49.70000076293945,49.5,49.70000076293945,13000
2025-09-16,49.70000076293945,50.20000076293945,49.70000076293945,49.900001525878906,13000
2025-09-17,49.849998474121094,49.849998474121094,49.5,49.5,6000
2025-09-18,49.5,49.5,48.900001525878906,48.900001525878906,24000
2025-09-19,49.0,49.650001525878906,49.0,49.650001525878906,14000
2025-09-22,49.650001525878906,49.650001525878906,49.400001525878906,49.400001525878906,17138
2025-09-23,49.5,49.650001525878906,49.0,49.0,18000
2025-09-24,49.0,49.0,48.29999923706055,48.400001525878906,8111
2025-09-25,48.099998474121094,48.849998474121094,48.0,48.599998474121094,14096
2025-09-26,48.650001525878906,48.650001525878906,48.099998474121094,48.29999923706055,8050
2025-09-30,48.349998474121094,48.650001525878906,48.0,48.0,17028
2025-10-01,47.900001525878906,48.400001525878906,47.900001525878906,48.400001525878906,9000
2025-10-02,48.45000076293945,48.54999923706055,48.45000076293945,48.54999923706055,10000
2025-10-03,48.599998474121094,48.70000076293945,48.400001525878906,48.599998474121094,13000
2025-10-07,48.599998474121094,48.849998474121094,47.5,48.849998474121094,21062
2025-10-08,48.849998474121094,50.0,48.849998474121094,49.400001525878906,25006
2025-10-09,49.79999923706055,49.95000076293945,47.5,48.5,28000
2025-10-13,48.45000076293945,48.599998474121094,47.45000076293945,48.04999923706055,42100
2025-10-14,48.5,48.79999923706055,47.900001525878906,48.29999923706055,28000
2025-10-15,48.45000076293945,48.5,48.150001525878906,48.400001525878906,10000
2025-10-16,48.5,48.650001525878906,48.099998474121094,48.25,17000
2025-10-17,48.20000076293945,48.25,47.95000076293945,47.95000076293945,20030
2025-10-20,47.95000076293945,48.04999923706055,47.5,48.0,19260
2025-10-21,48.0,48.0,47.349998474121094,47.349998474121094,26122
2025-10-22,47.150001525878906,47.349998474121094,46.75,47.349998474121094,19200
2025-10-23,47.29999923706055,47.70000076293945,47.29999923706055,47.400001525878906,11100
2025-10-27,47.400001525878906,47.599998474121094,47.400001525878906,47.5,16000
2025-10-28,47.5,47.70000076293945,47.20000076293945,47.20000076293945,12000
2025-10-29,47.150001525878906,47.150001525878906,46.650001525878906,46.650001525878906,23000
2025-10-30,46.650001525878906,46.650001525878906,45.95000076293945,46.150001525878906,42000
2025-10-31,46.150001525878906,46.45000076293945,46.099998474121094,46.099998474121094,9000
2025-11-03,46.099998474121094,46.400001525878906,46.0,46.25,17000
2025-11-04,46.25,46.349998474121094,46.25,46.29999923706055,12000
2025-11-05,46.29999923706055,47.400001525878906,46.04999923706055,47.400001525878906,7000
2025-11-06,47.400001525878906,47.400001525878906,46.79999923706055,46.79999923706055,14000
2025-11-07,46.5,46.900001525878906,46.45000076293945,46.900001525878906,12000
2025-11-10,46.95000076293945,46.95000076293945,46.0,46.54999923706055,9000
2025-11-11,46.54999923706055,46.54999923706055,46.099998474121094,46.099998474121094,19000
2025-11-12,46.20000076293945,46.20000076293945,46.0,46.150001525878906,20000
2025-11-13,46.20000076293945,46.29999923706055,46.0,46.29999923706055,18000
2025-11-14,46.0,46.29999923706055,46.0,46.29999923706055,4000
2025-11-17,46.29999923706055,46.54999923706055,46.29999923706055,46.400001525878906,11050
2025-11-18,46.349998474121094,46.349998474121094,46.349998474121094,46.349998474121094,1029
2025-11-19,46.5,46.5,46.5,46.5,1120
2025-11-20,46.400001525878906,46.400001525878906,46.349998474121094,46.349998474121094,2000
2025-11-21,46.04999923706055,46.45000076293945,46.04999923706055,46.349998474121094,8005
2025-11-24,46.25,46.599998474121094,46.0,46.349998474121094,32000
2025-11-25,46.349998474121094,46.54999923706055,46.349998474121094,46.54999923706055,16000
2025-11-26,46.54999923706055,46.599998474121094,46.54999923706055,46.54999923706055,8000
2025-11-27,46.54999923706055,46.599998474121094,46.5,46.599998474121094,18000
2025-11-28,46.599998474121094,46.650001525878906,46.599998474121094,46.599998474121094,11000
2025-12-01,46.599998474121094,46.650001525878906,46.599998474121094,46.599998474121094,5000
2025-12-02,46.0,46.70000076293945,46.0,46.599998474121094,9000
2025-12-03,46.599998474121094,47.04999923706055,46.599998474121094,47.04999923706055,36000
2025-12-04,47.04999923706055,47.099998474121094,46.95000076293945,46.95000076293945,7000
2025-12-05,46.95000076293945,47.0,46.79999923706055,46.849998474121094,6226
2025-12-08,46.849998474121094,46.849998474121094,46.75,46.849998474121094,8000
2025-12-09,46.849998474121094,47.099998474121094,46.849998474121094,47.099998474121094,18000
2025-12-10,47.04999923706055,47.150001525878906,47.0,47.099998474121094,11000
2025-12-11,47.099998474121094,47.099998474121094,46.650001525878906,46.650001525878906,12000
2025-12-12,47.0,47.349998474121094,47.0,47.349998474121094,15000
2025-12-15,47.349998474121094,48.0,47.349998474121094,47.900001525878906,17100
2025-12-16,46.900001525878906,46.900001525878906,46.04999923706055,46.20000076293945,21000
2025-12-17,46.5,46.900001525878906,46.5,46.900001525878906,4000
2025-12-18,46.900001525878906,48.0,46.900001525878906,47.0,22070
2025-12-19,47.5,47.599998474121094,47.5,47.599998474121094,6000
2025-12-22,48.0,48.20000076293945,47.599998474121094,47.849998474121094,9000
2025-12-23,47.849998474121094,47.95000076293945,47.79999923706055,47.79999923706055,9000
2025-12-24,48.0,48.0,47.79999923706055,47.849998474121094,11077
2025-12-26,48.20000076293945,48.29999923706055,48.099998474121094,48.29999923706055,6040
2025-12-29,48.20000076293945,48.400001525878906,48.0,48.20000076293945,13000
2025-12-30,48.20000076293945,48.20000076293945,47.70000076293945,48.099998474121094,5000
2025-12-31,48.099998474121094,48.150001525878906,47.5,48.150001525878906,6000
2026-01-02,48.099998474121094,48.20000076293945,48.099998474121094,48.20000076293945,8100
2026-01-05,48.20000076293945,48.20000076293945,47.75,48.099998474121094,9000
2026-01-06,48.04999923706055,48.099998474121094,47.599998474121094,47.599998474121094,19000
2026-01-07,47.29999923706055,47.599998474121094,47.29999923706055,47.54999923706055,6000
2026-01-08,47.5,47.900001525878906,47.29999923706055,47.79999923706055,16000
2026-01-09,47.79999923706055,47.79999923706055,47.599998474121094,47.650001525878906,6007
2026-01-12,47.650001525878906,47.75,47.599998474121094,47.650001525878906,8000
2026-01-13,47.70000076293945,47.95000076293945,47.599998474121094,47.75,13000
2026-01-14,47.79999923706055,48.29999923706055,47.79999923706055,48.0,12000
2026-01-15,48.0,48.0,47.650001525878906,48.0,9000
2026-01-16,48.0,48.0,47.54999923706055,47.650001525878906,11000
2026-01-19,46.650001525878906,46.70000076293945,46.5,46.599998474121094,21000
2026-01-20,46.0,46.150001525878906,45.900001525878906,45.900001525878906,42000
2026-01-21,46.0,46.0,45.79999923706055,45.849998474121094,12000
2026-01-22,45.849998474121094,45.849998474121094,45.29999923706055,45.54999923706055,16000
2026-01-23,45.599998474121094,45.599998474121094,45.20000076293945,45.20000076293945,17316
2026-01-26,45.20000076293945,45.5,45.20000076293945,45.29999923706055,27004
2026-01-27,45.29999923706055,45.400001525878906,45.29999923706055,45.349998474121094,17091
2026-01-28,45.349998474121094,45.400001525878906,45.29999923706055,45.29999923706055,18000
2026-01-29,45.29999923706055,45.29999923706055,44.0,44.54999923706055,36000
2026-01-30,44.54999923706055,44.54999923706055,44.099998474121094,44.5,5000
2026-02-02,44.0,44.45000076293945,43.400001525878906,44.29999923706055,23000
2026-02-03,44.5,44.5,43.5,43.900001525878906,13000
2026-02-04,43.900001525878906,43.900001525878906,43.79999923706055,43.900001525878906,10000
2026-02-05,43.900001525878906,43.900001525878906,43.29999923706055,43.29999923706055,18010
2026-02-06,43.04999923706055,43.29999923706055,43.0,43.0,19000
2026-02-09,43.5,43.5,42.54999923706055,42.900001525878906,46000
2026-02-10,42.20000076293945,42.20000076293945,41.0,41.099998474121094,124000
2026-02-11,41.099998474121094,41.20000076293945,40.29999923706055,41.099998474121094,71300
2026-02-23,41.79999923706055,43.599998474121094,41.04999923706055,43.54999923706055,52010
2026-02-24,43.54999923706055,44.79999923706055,43.150001525878906,44.79999923706055,25022
2026-02-25,44.79999923706055,44.79999923706055,43.75,44.0,27193
2026-02-26,44.5,44.599998474121094,43.5,44.349998474121094,16001
2026-03-02,45.5,45.5,43.95000076293945,43.95000076293945,10029
2026-03-03,43.95000076293945,44.849998474121094,43.099998474121094,44.70000076293945,36200
2026-03-04,42.099998474121094,43.20000076293945,42.04999923706055,43.20000076293945,19000
2026-03-05,43.5,43.599998474121094,42.099998474121094,43.20000076293945,21000
2026-03-06,42.599998474121094,43.150001525878906,42.0,43.150001525878906,29000
2026-03-09,41.5,41.650001525878906,40.04999923706055,41.54999923706055,23038
2026-03-10,41.54999923706055,43.04999923706055,41.0,43.04999923706055,40000
2026-03-11,43.5,43.54999923706055,41.79999923706055,41.849998474121094,26070
2026-03-12,42.599998474121094,45.400001525878906,42.599998474121094,45.0,85015
2026-03-13,44.900001525878906,45.0,43.54999923706055,45.0,26000
2026-03-16,44.04999923706055,45.0,44.04999923706055,44.599998474121094,24000
2026-03-17,44.0,45.5,44.0,45.20000076293945,24012
2026-03-18,45.650001525878906,46.70000076293945,45.150001525878906,46.29999923706055,46049
2026-03-19,46.25,46.25,45.400001525878906,45.54999923706055,17000
2026-03-20,45.54999923706055,45.54999923706055,44.54999923706055,44.54999923706055,18000
2026-03-23,43.099998474121094,43.70000076293945,43.099998474121094,43.70000076293945,4000
2026-03-24,44.0,44.150001525878906,44.0,44.150001525878906,11000
2026-03-25,44.400001525878906,47.04999923706055,44.400001525878906,45.599998474121094,22000
2026-03-26,45.70000076293945,45.70000076293945,45.0,45.099998474121094,7000
2026-03-27,45.0,45.04999923706055,44.29999923706055,44.349998474121094,11200
2026-03-30,43.599998474121094,44.29999923706055,43.400001525878906,44.29999923706055,10000
2026-03-31,44.29999923706055,44.45000076293945,44.04999923706055,44.20000076293945,34000
2026-04-01,45.0,45.20000076293945,44.25,45.099998474121094,22000
2026-04-02,45.0,45.099998474121094,45.0,45.0,15000
2026-04-07,45.29999923706055,45.29999923706055,44.75,45.29999923706055,7000
2026-04-08,45.5,46.75,45.5,45.599998474121094,33011
2026-04-09,45.650001525878906,45.95000076293945,45.29999923706055,45.849998474121094,29000
2026-04-10,46.29999923706055,47.900001525878906,46.0,47.150001525878906,49003
2026-04-13,47.099998474121094,47.599998474121094,47.099998474121094,47.25,31123
2026-04-14,47.349998474121094,47.349998474121094,47.0,47.0,38000
2026-04-15,47.5,47.599998474121094,46.150001525878906,47.599998474121094,33000
2026-04-16,47.400001525878906,47.5,46.79999923706055,46.900001525878906,24000
2026-04-17,47.20000076293945,47.20000076293945,46.70000076293945,47.0,16000
2026-04-20,47.04999923706055,47.20000076293945,46.25,47.20000076293945,30000
2026-04-21,47.150001525878906,47.20000076293945,47.150001525878906,47.150001525878906,13000
2026-04-22,47.150001525878906,47.20000076293945,47.099998474121094,47.150001525878906,12000
2026-04-23,46.79999923706055,47.150001525878906,46.5,47.04999923706055,7000
2026-04-24,47.0,47.0,46.45000076293945,46.75,7054
2026-04-27,46.599998474121094,46.599998474121094,46.099998474121094,46.5,12000
2026-04-28,47.599998474121094,47.599998474121094,46.150001525878906,46.150001525878906,11000
2026-04-29,46.95000076293945,46.95000076293945,46.599998474121094,46.599998474121094,7000
2026-04-30,46.599998474121094,46.75,46.0,46.0,6000
2026-05-04,47.0,47.0,45.650001525878906,45.70000076293945,16282
2026-05-05,47.0,47.0,46.150001525878906,46.150001525878906,15000
2026-05-06,46.849998474121094,46.849998474121094,45.04999923706055,45.45000076293945,30000
2026-05-07,45.54999923706055,45.79999923706055,45.400001525878906,45.54999923706055,28000
2026-05-08,46.20000076293945,46.20000076293945,45.599998474121094,45.95000076293945,22000
2026-05-11,45.95000076293945,45.95000076293945,45.20000076293945,45.20000076293945,21007
2026-05-12,45.20000076293945,45.599998474121094,45.0,45.20000076293945,11000
2026-05-13,45.20000076293945,45.20000076293945,44.79999923706055,45.150001525878906,22064
2026-05-14,44.54999923706055,45.0,44.45000076293945,44.45000076293945,27000
2026-05-15,44.45000076293945,44.54999923706055,43.79999923706055,44.04999923706055,39000
2026-05-18,44.29999923706055,44.70000076293945,43.650001525878906,43.95000076293945,16194
2026-05-19,43.75,43.95000076293945,43.5,43.650001525878906,17000
2026-05-20,43.95000076293945,44.0,43.29999923706055,43.29999923706055,27000
2026-05-21,44.0,44.099998474121094,43.5,43.95000076293945,15000
2026-05-22,44.0,45.0,44.0,44.349998474121094,22000
2026-05-25,44.5,45.0,44.20000076293945,44.349998474121094,21000
2026-05-26,44.20000076293945,44.400001525878906,43.900001525878906,44.150001525878906,20000
2026-05-27,44.849998474121094,44.849998474121094,43.5,43.5,30000
2026-05-28,43.5,44.0,43.099998474121094,43.5,29000
2026-05-29,44.5,44.5,43.5,43.5,28000
2026-06-01,44.0,47.79999923706055,44.0,46.54999923706055,118010
2026-06-02,46.599998474121094,46.599998474121094,45.0,45.75,41000
2026-06-03,45.849998474121094,46.150001525878906,45.79999923706055,45.95000076293945,56000
2026-06-04,46.04999923706055,46.29999923706055,46.04999923706055,46.099998474121094,25000
2026-06-05,46.0,46.0,45.54999923706055,45.599998474121094,13000
2026-06-08,45.599998474121094,45.599998474121094,45.0,45.0,52001
2026-06-09,44.650001525878906,45.349998474121094,44.650001525878906,44.849998474121094,37000
2026-06-10,44.849998474121094,44.849998474121094,44.650001525878906,44.70000076293945,22000
2026-06-11,44.849998474121094,45.5,44.45000076293945,44.5,51000
2026-06-12,45.150001525878906,45.20000076293945,44.79999923706055,45.0,20000
2026-06-15,45.0,45.5,44.79999923706055,45.04999923706055,32000
2026-06-16,45.5,45.54999923706055,45.04999923706055,45.400001525878906,23000
2026-06-17,45.0,45.5,45.0,45.5,27000
2026-06-18,45.599998474121094,45.79999923706055,45.5,45.5,17020
2026-06-22,45.70000076293945,45.79999923706055,45.20000076293945,45.20000076293945,27000
2026-06-23,45.20000076293945,45.5,45.20000076293945,45.5,12000
2026-06-24,45.54999923706055,45.79999923706055,44.599998474121094,45.400001525878906,18000
2026-06-25,45.79999923706055,45.79999923706055,45.150001525878906,45.25,16000
2026-06-26,44.0,44.599998474121094,43.849998474121094,44.0,43000
2026-06-29,44.5,44.54999923706055,44.099998474121094,44.25,13003
2026-06-30,44.5,44.599998474121094,44.5,44.5,10000
2026-07-01,45.0,45.0,44.599998474121094,44.70000076293945,17000
2026-07-02,44.70000076293945,45.400001525878906,44.70000076293945,45.400001525878906,19000
2026-07-03,46.0,47.400001525878906,45.70000076293945,46.29999923706055,153047
2026-07-06,42.75,43.099998474121094,42.599998474121094,42.650001525878906,64000
2026-07-07,42.5,43.04999923706055,42.0,42.0,57000
2026-07-08,42.849998474121094,42.849998474121094,41.75,41.75,11048
2026-07-09,42.20000076293945,42.20000076293945,41.5,41.5,18000
2026-07-10,41.5,41.5,41.5,41.5,0
2026-07-13,42.45000076293945,42.45000076293945,41.400001525878906,41.5,32000
2026-07-14,41.54999923706055,42.79999923706055,41.54999923706055,41.79999923706055,15000
2026-07-15,42.0,43.75,42.0,43.54999923706055,27000
2026-07-16,43.54999923706055,43.54999923706055,42.0,42.45000076293945,14268
2026-07-17,43.400001525878906,43.400001525878906,42.0,42.45000076293945,16000
2026-07-20,43.400001525878906,43.400001525878906,42.099998474121094,42.099998474121094,18050
2026-07-21,43.0,43.04999923706055,41.79999923706055,42.150001525878906,21000
2026-07-22,42.150001525878906,43.0,42.04999923706055,42.150001525878906,18000
2026-07-23,42.29999923706055,42.29999923706055,41.599998474121094,42.04999923706055,9000
2026-07-24,42.04999923706055,43.20000076293945,41.5,42.54999923706055,26013
2026-07-27,42.04999923706055,42.54999923706055,41.79999923706055,42.25,19000
2026-07-28,42.25,42.650001525878906,42.0,42.599998474121094,10005
2026-07-29,43.70000076293945,43.70000076293945,42.349998474121094,42.95000076293945,18005
2026-07-30,42.95000076293945,42.95000076293945,41.95000076293945,41.95000076293945,19000
2026-07-31,41.95000076293945,42.599998474121094,41.95000076293945,42.349998474121094,17000
2026-08-03,42.599998474121094,42.599998474121094,41.25,41.79999923706055,12000
2026-08-04,41.400001525878906,42.099998474121094,41.400001525878906,41.79999923706055,17000
2026-08-05,42.0,42.099998474121094,41.349998474121094,42.0,9000
2026-08-06,42.900001525878906,42.900001525878906,41.849998474121094,42.70000076293945,7000
2026-08-07,42.5,42.5,42.25,42.45000076293945,5000
2026-08-10,42.45000076293945,42.599998474121094,42.099998474121094,42.599998474121094,22010
2026-08-11,42.599998474121094,42.599998474121094,42.5,42.5,9000
2026-08-12,42.70000076293945,42.70000076293945,41.95000076293945,41.95000076293945,14000
2026-08-13,42.650001525878906,42.650001525878906,41.900001525878906,41.95000076293945,23076
2026-08-14,41.95000076293945,41.95000076293945,41.75,41.75,7014
2026-08-17,41.75,42.599998474121094,41.54999923706055,41.54999923706055,8000
2026-08-18,41.650001525878906,41.650001525878906,41.5,41.5,11000
2026-08-19,41.5,42.099998474121094,41.400001525878906,41.400001525878906,9000
2026-08-20,41.900001525878906,41.900001525878906,41.54999923706055,41.75,4000
2026-08-21,42.0,42.400001525878906,41.95000076293945,42.400001525878906,7000
2026-08-24,42.400001525878906,42.400001525878906,42.400001525878906,42.400001525878906,1000
2026-08-25,42.349998474121094,42.349998474121094,42.0,42.0,5000
2026-08-26,42.0,43.0,42.0,42.45000076293945,8000
2026-08-27,42.400001525878906,42.400001525878906,41.5,42.0,16000
2026-08-28,42.95000076293945,42.95000076293945,41.79999923706055,41.79999923706055,10000
2026-08-31,42.79999923706055,42.79999923706055,41.650001525878906,42.099998474121094,9000
2026-09-01,42.79999923706055,42.79999923706055,42.099998474121094,42.099998474121094,2000
2026-09-02,41.70000076293945,41.70000076293945,41.54999923706055,41.599998474121094,5000
2026-09-03,41.599998474121094,41.599998474121094,41.099998474121094,41.349998474121094,4000
2026-09-04,42.0,42.0,42.0,42.0,2000
2026-09-07,41.099998474121094,42.75,41.099998474121094,42.650001525878906,11000
2026-09-08,41.599998474121094,42.75,41.599998474121094,42.75,11000
2026-09-09,42.599998474121094,42.599998474121094,42.0,42.599998474121094,12000
2026-09-10,42.599998474121094,42.599998474121094,41.900001525878906,42.5,13000
2026-09-11,42.5,42.5,41.95000076293945,42.04999923706055,5000
2026-09-14,43.25,43.25,41.70000076293945,41.70000076293945,14000
2026-09-15,41.70000076293945,42.0,41.29999923706055,41.29999923706055,11000
2026-09-16,41.5,41.54999923706055,40.5,40.900001525878906,17057
2026-09-17,42.0,42.04999923706055,40.900001525878906,41.79999923706055,42000
2026-09-18,42.0,42.099998474121094,41.29999923706055,41.849998474121094,20000
2026-09-21,42.5,42.5,42.099998474121094,42.25,8000
2026-09-22,42.25,42.25,41.79999923706055,41.79999923706055,7000
2026-09-23,42.0,42.0,41.75,42.0,8000
2026-09-24,42.5,42.5,41.5,41.5,7100
